           1   -0.0510896   -0.0510896           0
           2   -0.0325772   -0.0418334  0.00654512
           3   -0.0139372   -0.0325347  0.00875692
           4   -0.0573608   -0.0387412  0.00848678
           5    0.0026096    -0.030471   0.0100406
           6    0.0481224   -0.0173721   0.0145943
           7   -0.0295324   -0.0191093   0.0126124
           8    0.0160984   -0.0147084   0.0117786
           9     0.000914   -0.0129725    0.010597
          10     0.018576  -0.00981768  0.00999593
          11   -0.0289388    -0.011556  0.00923711
          12   -0.0643508   -0.0159555  0.00945724
          13   -0.0291208   -0.0169682  0.00878381
          14   -0.0002816   -0.0157763  0.00823687
          15    0.0425384   -0.0118887  0.00855614
          16   -0.0299344   -0.0130166  0.00809538
          17   -0.0867684   -0.0173549  0.00870437
          18    0.0898008   -0.0114018   0.0100525
          19    0.0792036  -0.00663309   0.0105943
          20   -0.0073772   -0.0066703   0.0100646
