           1      32.2174      32.2174           0
           2      33.3919      32.8046    0.415241
           3      33.0323      32.8805    0.283678
           4      32.3207      32.7406    0.244861
           5      32.8969      32.7718    0.197875
           6      33.4378      32.8828     0.19354
           7      33.7624      33.0085    0.202618
           8      31.1852      32.7806    0.277279
           9       31.877      32.6802    0.264021
          10      34.9321      32.9054    0.319535
          11       33.902       32.996     0.30306
          12       35.081      33.1697    0.323805
          13      32.2774      33.1011    0.306084
          14      33.6778      33.1423     0.28698
          15      31.2113      33.0135    0.295312
          16      33.6531      33.0535    0.279548
          17      32.0311      32.9934    0.269496
          18      32.3877      32.9597    0.256616
          19      33.5237      32.9894    0.244821
          20      33.6929      33.0246    0.235093
