           1     0.540883     0.540883           0
           2     0.514318     0.527601  0.00939243
           3     0.520622     0.525274  0.00654336
           4     0.510364     0.521547  0.00587408
           5     0.508331     0.518904  0.00526041
           6     0.508555     0.517179  0.00465785
           7     0.519818     0.517556  0.00400767
           8     0.510214     0.516638  0.00361027
           9     0.535411     0.518724  0.00376379
          10     0.538516     0.520703  0.00387298
          11      0.53222      0.52175  0.00365967
          12     0.512658     0.520992  0.00343223
          13     0.534277     0.522014  0.00331686
          14     0.534069     0.522875  0.00318975
          15     0.514158     0.522294  0.00302958
          16     0.516668     0.521943  0.00286057
          17     0.514005     0.521476  0.00273014
          18     0.530765     0.521992  0.00262679
          19     0.531393     0.522487  0.00253471
          20     0.518783     0.522301  0.00241473
