           1     -0.91201     -0.91201           0
           2    -0.914846    -0.913428  0.00100296
           3    -0.913506    -0.913454 0.000668974
           4     -0.91341    -0.913443 0.000501822
           5    -0.913392    -0.913433  0.00040156
           6    -0.916047    -0.913868 0.000519826
           7    -0.914302     -0.91393 0.000449247
           8    -0.911824    -0.913667 0.000463877
           9    -0.912635    -0.913552 0.000426269
          10    -0.914634    -0.913661 0.000397116
          11    -0.914741    -0.913759  0.00037296
          12    -0.917131     -0.91404 0.000435065
          13    -0.913688    -0.914013 0.000402439
          14    -0.914887    -0.914075  0.00037851
          15    -0.912248    -0.913953 0.000372361
          16    -0.916159    -0.914091  0.00037374
          17     -0.91343    -0.914052 0.000353776
          18    -0.914038    -0.914052 0.000334122
          19    -0.914516    -0.914076  0.00031743
          20    -0.915742    -0.914159 0.000312302
