           1      43.5906      43.5906           0
           2      41.8836      42.7371     0.60354
           3      43.1115      42.8619     0.41506
           4       42.772      42.8394    0.311903
           5      43.6056      42.9927     0.28469
           6      44.5419      43.2509    0.334425
           7      41.8318      43.0482    0.342625
           8      43.8394      43.1471     0.31375
           9      42.1359      43.0347    0.298329
          10      42.4953      42.9808    0.273329
          11      41.7318      42.8672    0.271041
          12      42.5052      42.8371    0.250127
          13      41.2751      42.7169    0.258135
          14      41.7915      42.6508    0.248016
          15      42.5429      42.6436    0.231586
          16      41.6853      42.5837    0.224723
          17      41.1507      42.4994    0.226763
          18      43.9535      42.5802    0.228101
          19      43.3966      42.6232    0.220105
          20      44.2613      42.7051    0.223821
