           1     0.435173     0.435173           0
           2     0.422938     0.429055   0.0043257
           3     0.428406     0.428839  0.00288921
           4      0.42494     0.427864  0.00232552
           5     0.428775     0.428046  0.00186754
           6     0.411515     0.425291  0.00295769
           7      0.43407     0.426545  0.00278839
           8     0.425577     0.426424  0.00244246
           9     0.422904     0.426033  0.00220218
          10      0.45053     0.428483  0.00305435
          11     0.426019     0.428259  0.00278488
          12     0.443239     0.429507  0.00281875
          13     0.431348     0.429649  0.00260548
          14     0.442687      0.43058  0.00258046
          15      0.41544     0.429571  0.00259834
          16     0.433462     0.429814   0.0024473
          17     0.439172     0.430364  0.00236445
          18     0.419875     0.429782  0.00230378
          19     0.428104     0.429693  0.00218422
          20     0.424587     0.429438  0.00208987
