           1     -0.93945     -0.93945           0
           2    -0.938059    -0.938755 0.000491756
           3    -0.939264    -0.938925 0.000355983
           4    -0.939421    -0.939049 0.000287764
           5     -0.94167    -0.939573 0.000522448
           6    -0.943128    -0.940165 0.000694299
           7    -0.937506    -0.939786  0.00069126
           8    -0.941442    -0.939993 0.000635099
           9    -0.937426    -0.939707 0.000625269
          10    -0.936766    -0.939413 0.000628111
          11    -0.936906    -0.939185 0.000610962
          12    -0.938806    -0.939154 0.000560867
          13    -0.936182    -0.938925 0.000562386
          14    -0.937215    -0.938803 0.000535316
          15    -0.939441    -0.938846 0.000501318
          16    -0.937484     -0.93876 0.000477156
          17    -0.935218    -0.938552 0.000492501
          18    -0.941976    -0.938742 0.000500527
          19    -0.939105    -0.938761 0.000474547
          20    -0.942229    -0.938935 0.000481449
