           1     0.574748     0.574748           0
           2     0.556964     0.565856  0.00628788
           3     0.563543     0.565085  0.00423893
           4     0.549545       0.5612  0.00462891
           5     0.581558     0.565272  0.00519375
           6     0.601104     0.571244  0.00696085
           7     0.514319     0.563111  0.00960637
           8     0.581969     0.565469  0.00868996
           9     0.534521      0.56203  0.00837717
          10     0.533924     0.559219  0.00799706
          11     0.508755     0.554632  0.00848453
          12     0.520564     0.551793  0.00823878
          13     0.524896     0.549724  0.00786052
          14     0.536995     0.548814  0.00735145
          15     0.551072     0.548965  0.00686289
          16     0.532668     0.547946  0.00650911
          17      0.49604     0.544893  0.00680476
          18     0.583078     0.547014  0.00674929
          19     0.542208     0.546762   0.0063988
          20     0.587319     0.548789  0.00639212
