           1    0.0080728    0.0080728           0
           2    0.0023116    0.0051922  0.00203689
           3    0.0037416   0.00470867  0.00141416
           4   -0.0007184    0.0033519  0.00158288
           5   -0.0032384   0.00203384  0.00173013
           6   -0.0017844   0.00139747  0.00155441
           7   -0.0049012  0.000497657  0.00157136
           8    0.0011296   0.00057665  0.00137692
           9    0.0049544   0.00106307  0.00130702
          10   -0.0011484   0.00084192  0.00119488
          11    -0.007272  0.000104291  0.00129406
          12   -0.0109948 -0.000820633  0.00148031
          13   -0.0010388 -0.000837415  0.00136653
          14    -0.005564  -0.00117503  0.00130997
          15    -0.006374  -0.00152163  0.00126766
          16    0.0059476   -0.0010548  0.00127148
          17   -0.0104568  -0.00160786  0.00131147
          18   -0.0020992  -0.00163516  0.00123889
          19    0.0027708  -0.00140326  0.00119519
          20   -0.0013172  -0.00139896  0.00113544
