           1     0.361119     0.361119           0
           2     0.363279     0.362199 0.000763795
           3     0.364763     0.363053 0.000863836
           4     0.364184     0.363336 0.000692597
           5      0.36399     0.363467 0.000566307
           6     0.361064     0.363066 0.000596964
           7     0.363201     0.363086 0.000511994
           8     0.365375     0.363372 0.000521861
           9     0.364916     0.363543 0.000491266
          10     0.364738     0.363663  0.00045643
          11      0.36105     0.363425 0.000472736
          12     0.362645      0.36336 0.000437792
          13      0.36599     0.363563 0.000448419
          14     0.361582     0.363421 0.000438128
          15     0.365488     0.363559 0.000430047
          16     0.363772     0.363572 0.000403376
          17     0.362951     0.363536 0.000381298
          18     0.361418     0.363418 0.000377827
          19     0.366882       0.3636 0.000399507
          20     0.362049     0.363523 0.000386991
