           1     0.357034     0.357034           0
           2     0.356937     0.356985 3.44331e-05
           3     0.359164     0.357712 0.000593466
           4     0.357054     0.357547 0.000467339
           5     0.358843     0.357806 0.000439856
           6      0.35427     0.357217 0.000650993
           7     0.357311     0.357231 0.000558133
           8     0.360834     0.357681 0.000645038
           9      0.35683     0.357586 0.000580263
          10     0.358537     0.357681 0.000529967
          11     0.356943     0.357614 0.000486026
          12     0.359661     0.357785 0.000474517
          13     0.358036     0.357804  0.00043841
          14     0.356605     0.357719  0.00041538
          15     0.357144      0.35768 0.000389448
          16     0.357434     0.357665 0.000365413
          17     0.356914     0.357621 0.000346579
          18     0.355431     0.357499 0.000348026
          19     0.363211       0.3578 0.000440842
          20     0.355818     0.357701 0.000429794
