           1      4.17493      4.17493           0
           2      4.15092      4.16293  0.00848777
           3      4.10481      4.14355   0.0167991
           4      4.17908      4.15244   0.0147615
           5      4.10274       4.1425   0.0147813
           6      4.16445      4.14616   0.0127627
           7      4.19477       4.1531   0.0126889
           8      4.16987       4.1552   0.0112746
           9      4.22827      4.16332    0.012611
          10      4.14446      4.16143   0.0114901
          11      4.07731      4.15378   0.0127388
          12       4.0426      4.14452   0.0146645
          13      4.18809      4.14787   0.0139142
          14      4.07849      4.14291   0.0137745
          15      4.16021      4.14407   0.0129044
          16      4.21909      4.14876   0.0129218
          17       4.1437      4.14846   0.0121651
          18      4.09224      4.14534   0.0118834
          19      4.10856       4.1434   0.0114145
          20      4.18567      4.14551   0.0110377
