           1    -0.666204    -0.666204           0
           2    -0.664059    -0.665132 0.000758301
           3    -0.664552    -0.664938 0.000529574
           4    -0.665451    -0.665067 0.000412406
           5    -0.664428    -0.664939 0.000349142
           6    -0.664671    -0.664894 0.000293789
           7    -0.662726    -0.664584 0.000381684
           8    -0.664636    -0.664591 0.000334028
           9    -0.663402    -0.664459 0.000321993
          10    -0.664346    -0.664447 0.000289993
          11     -0.66459     -0.66446 0.000263918
          12    -0.665003    -0.664506 0.000245771
          13    -0.663858    -0.664456 0.000231865
          14    -0.663098    -0.664359   0.0002347
          15    -0.662702    -0.664248  0.00024365
          16    -0.664525    -0.664266 0.000229034
          17    -0.664538    -0.664282 0.000216119
          18    -0.663764    -0.664253 0.000206017
          19    -0.663762    -0.664227 0.000196785
          20    -0.664581    -0.664245 0.000187739
