           1      4.01105      4.01105           0
           2      3.98059      3.99582   0.0107677
           3      3.90017      3.96393   0.0270041
           4      4.01907      3.97772   0.0235096
           5      3.91451      3.96508   0.0219452
           6      3.95616      3.96359   0.0183379
           7      4.01136      3.97041   0.0169402
           8      3.95969      3.96907   0.0148756
           9      3.99448       3.9719   0.0134879
          10      3.97489       3.9722   0.0121424
          11      3.95649      3.97077   0.0111221
          12      3.93924      3.96814    0.010501
          13      3.93433      3.96554   0.0100102
          14      3.90319      3.96109   0.0102381
          15      3.98461      3.96266  0.00967489
          16      4.00592      3.96536  0.00944058
          17      3.95978      3.96503  0.00889095
          18      3.87764      3.96018  0.00963179
          19      3.90871      3.95747  0.00949808
          20      3.98049      3.95862  0.00909268
