           1    0.0840712    0.0840712           0
           2    0.0816916    0.0828814 0.000841316
           3    0.0806108    0.0821245 0.000834555
           4      0.07732    0.0809234  0.00121401
           5    0.0725876    0.0792562  0.00177954
           6     0.076504    0.0787975  0.00154094
           7     0.074178    0.0781376  0.00145527
           8    0.0811108    0.0785093  0.00131997
           9    0.0845264    0.0791778   0.0013319
          10      0.07779     0.079039  0.00120592
          11    0.0714776    0.0783516  0.00127727
          12    0.0676352    0.0774586  0.00144979
          13      0.07625    0.0773656  0.00134125
          14    0.0721064      0.07699  0.00129699
          15    0.0732784    0.0767425   0.0012339
          16     0.083714    0.0771783  0.00123131
          17    0.0719708    0.0768719  0.00119638
          18    0.0746356    0.0767477  0.00113634
          19    0.0836424    0.0771106    0.001133
          20    0.0767104    0.0770906  0.00107652
