           1    -0.668807    -0.668807           0
           2      -0.6665    -0.667654 0.000815574
           3    -0.667516    -0.667608 0.000545001
           4    -0.667621    -0.667611  0.00040876
           5    -0.667161    -0.667521 0.000336758
           6    -0.666825    -0.667405 0.000299938
           7    -0.665222    -0.667093 0.000386615
           8    -0.668119    -0.667221  0.00035892
           9    -0.667213    -0.667221 0.000319041
          10    -0.666927    -0.667191 0.000288484
          11    -0.666719    -0.667148 0.000265431
          12    -0.666931     -0.66713 0.000243928
          13    -0.666275    -0.667064 0.000233874
          14    -0.666034    -0.666991 0.000228453
          15    -0.665298    -0.666878 0.000239468
          16    -0.667721    -0.666931 0.000230221
          17    -0.667037    -0.666937 0.000216764
          18    -0.666785    -0.666928 0.000204886
          19    -0.666894    -0.666927 0.000194111
          20    -0.667455    -0.666953 0.000186194
