0.377073   -0.417871   0.0743206
-0.128149   -0.310742   -0.497305
0.0738568   -0.448314   0.111377
-0.409461   -0.442965   0.366391
-0.259205   0.499871   -0.489745
-0.448559   0.24262   0.122817
-0.25305   -0.295195   -0.137315
-0.185254   0.176987   0.138012
-0.243818   -0.243994   0.0785017
0.186811   -0.0399218   0.022985
-0.403144   -0.430346   -0.201787
-0.474756   0.0953437   -0.496836
0.256664   0.00152452   -0.184949
0.180025   -0.375686   -0.0514477
0.332006   0.234409   0.162861
-0.311839   -0.019338   0.362693
-0.320061   -0.324522   -0.415725
0.0325744   -0.348459   0.34756
-0.134538   -0.183573   -0.29714
0.263001   -0.478814   0.255219
0.399737   0.197628   -0.333708
0.072318   0.00622257   0.499924
0.00668361   -0.305527   -0.239286
0.194902   0.156316   -0.330946
0.47639   0.357446   -0.238138
0.136905   0.194055   0.479804
0.412658   -0.231527   -0.41944
0.233694   -0.18967   0.418758
-0.281586   0.31748   -0.00254424
0.300035   -0.427539   -0.354922
0.33885   -0.215607   -0.221451
-0.147245   -0.441908   0.325841
-0.0796404   0.460884   -0.180712
0.172737   -0.258707   -0.381753
-0.0335035   -0.371416   -0.0447816
0.380153   0.0297003   0.125333
0.0345771   -0.0811088   -0.316991
0.270993   0.367683   -0.373936
-0.475918   -0.451254   -0.396758
-0.176147   0.0203904   -0.262521
0.0814048   -0.133136   0.273291
-0.0180126   -0.472998   -0.402402
-0.118085   -0.165942   -0.0615025
-0.30808   0.421246   0.208758
0.00489396   0.321901   -0.459703
0.257481   0.291357   -0.159525
0.452566   -0.00509785   -0.277019
0.356354   -0.47855   -0.163749
0.03019   -0.199681   0.486903
-0.445396   -0.234851   -0.267094
0.149365   0.0953135   0.241051
-0.360469   0.177849   -0.310228
-0.00502134   0.0604245   -0.140676
-0.189955   0.208723   -0.164159
-0.262368   0.202618   0.321039
-0.129835   -0.0770776   0.149469
-0.100564   0.382269   0.213378
0.290248   -0.12393   0.222141
0.393101   0.139187   -0.056646
0.396364   -0.297897   0.258544
-0.21174   -0.433921   -0.275478
-0.23798   0.121233   -0.488812
0.233746   0.296283   0.331568
0.464902   -0.0895021   -0.0681625
-0.336812   -0.0982962   -0.132467
-0.194055   -0.465025   0.0509853
-0.171422   0.358853   0.395585
0.0871998   0.405211   -0.0871749
0.115531   0.319931   0.144056
-0.189272   0.3172   -0.358514
0.0152218   0.226853   0.326781
0.260914   0.408482   0.0342934
0.0706767   -0.219528   0.049808
0.0110051   0.267466   -0.227293
0.116372   -0.158864   -0.159594
-0.451141   0.326096   0.315766
0.15197   -0.418598   0.48543
0.324492   -0.213417   0.0272165
-0.0642157   -0.315431   0.178667
-0.406583   -0.383345   0.139093
0.446389   0.425758   0.169108
-0.440218   -0.254928   -0.0468939
0.457862   -0.0865281   0.329695
0.385035   -0.400121   0.422776
-0.403597   0.478165   -0.0238984
-0.324196   0.383674   -0.215004
-0.492531   -0.173069   0.141247
-0.366213   0.0187822   0.133768
-0.215167   0.0420075   -0.0183076
-0.140277   -0.0566362   -0.477745
-0.0521125   0.14269   -0.385698
0.174592   -0.289721   0.21278
0.255234   -0.0683426   -0.398379
-0.000547977   0.0796408   0.0835992
-0.419248   0.349131   -0.411976
-0.125015   -0.186442   0.344954
0.178506   0.164343   0.0290238
-0.336981   -0.0663742   -0.391797
0.129789   -0.493695   -0.24362
-0.480961   0.0987986   0.297863
-0.394545   0.169146   -0.097018
0.407292   0.402814   0.460658
0.453027   0.324607   -0.0383358
0.0744776   0.450481   0.329294
-0.0478385   0.264874   -0.0186808
0.322042   0.0806066   0.461712
-0.0564492   0.0386965   0.306357
-0.418103   -0.226322   0.428638
