0.803542 -0.595249
0.99464 0.103402
-0.405861 0.913935
0.949131 0.314882
-0.996084 -0.0884164
-0.773553 0.633732
-0.689367 -0.724413
0.283191 0.959063
-0.593613 0.804751
0.974167 0.225828
-0.258897 -0.965905
-0.337813 -0.941213
-0.318965 -0.947766
-0.103591 0.99462
-0.738231 0.674548
-0.823026 0.568004
0.548321 -0.836268
-0.981737 -0.190241
-0.848912 0.528535
-0.997792 -0.0664209
0.618754 0.785585
0.888143 0.459567
-0.383939 -0.923358
-0.997712 0.0676069
-0.816179 -0.577799
-0.969186 -0.246332
0.937029 0.34925
0.99321 -0.116332
0.645688 -0.763601
0.993759 0.111544

2
28
1
29
17
11
13
12
23
7
25
26
18
5
20
24
19
16
6
15
9
3
14
8
21
22
27
4
10
30
