37.3 37.3 0
30.2729 33.7864 3.51357
30.1017 32.5582 2.37142
25.5652 30.8099 2.42243
23.5948 29.3669 2.36712
23.5948 28.4049 2.15893
23.5948 27.7177 1.94974
23.5948 27.2023 1.76542
23.5948 26.8015 1.60772
23.5948 26.4808 1.47331
22.6283 26.1306 1.37792
22.6283 25.8387 1.29127
22.6283 25.5918 1.2132
20.2671 25.2115 1.18585
20.2671 24.8818 1.15213
20.2671 24.5934 1.11564
16.3256 24.1071 1.15532
16.3256 23.6748 1.17189
14.8187 23.2087 1.20251
14.3879 22.7676 1.22309
14.0719 22.3535 1.23488
11.9112 21.8789 1.26949
10.2545 21.3735 1.31412
9.96515 20.8981 1.34497
8.23493 20.3916 1.38593
7.0652 19.879 1.4268
7.03903 19.4035 1.45297
7.03903 18.9619 1.4681
7.03903 18.5508 1.47503
6.87814 18.1617 1.47718
6.87814 17.7977 1.47437
6.70175 17.4509 1.46906
6.70175 17.1252 1.46063
6.45321 16.8113 1.45137
6.45321 16.5154 1.44003
6.33949 16.2327 1.42772
6.33949 15.9653 1.4141
6.33949 15.712 1.3995
6.33949 15.4717 1.38417
6.33949 15.2434 1.3683
6.33949 15.0262 1.35207
6.33949 14.8194 1.33559
6.33949 14.6222 1.31899
6.23194 14.4315 1.30269
6.23194 14.2493 1.28639
6.23194 14.075 1.27013
6.23194 13.9081 1.25396
6.23194 13.7482 1.23793
6.23194 13.5948 1.22207
6.23194 13.4476 1.2064
6.23194 13.3061 1.19094
6.23194 13.17 1.17571
6.23194 13.0391 1.16072
6.23194 12.9131 1.14598
6.23194 12.7916 1.13149
6.23194 12.6745 1.11726
6.23194 12.5614 1.10329
6.23194 12.4523 1.08958
6.23194 12.3469 1.07613
6.23194 12.245 1.06294
6.23194 12.1464 1.05
6.23194 12.051 1.03732
6.23194 11.9586 1.0249
6.23194 11.8691 1.01272
6.23194 11.7824 1.00078
6.23194 11.6983 0.989081
6.23194 11.6167 0.977618
6.23194 11.5375 0.966383
6.23194 11.4606 0.955374
6.23194 11.386 0.944585
6.23194 11.3134 0.934011
6.23194 11.2428 0.923648
6.23194 11.1741 0.91349
6.23194 11.1074 0.903533
6.23194 11.0424 0.893771
6.23194 10.9791 0.884201
6.23194 10.9174 0.874817
6.23194 10.8573 0.865616
6.23194 10.7988 0.856592
6.23194 10.7417 0.847741
6.23194 10.686 0.839059
6.23194 10.6317 0.830541
6.23194 10.5787 0.822184
6.23194 10.527 0.813984
6.23194 10.4764 0.805936
6.23194 10.4271 0.798037
6.23194 10.3788 0.790284
6.23194 10.3317 0.782671
6.23194 10.2857 0.775197
6.23194 10.2406 0.767858
6.23194 10.1966 0.76065
6.23194 10.1535 0.753569
6.23194 10.1113 0.746614
6.23194 10.07 0.739781
6.23194 10.0296 0.733066
6.23194 9.99008 0.726468
6.23194 9.95133 0.719983
6.23194 9.91338 0.713608
6.23194 9.87619 0.707341
6.23194 9.83975 0.70118
