14.3955 14.3955 0
11.1407 12.7681 1.6274
11.1407 12.2256 1.08493
11.1407 11.9544 0.813699
11.1407 11.7917 0.65096
11.1407 11.6832 0.542466
10.9896 11.5841 0.469051
10.9896 11.5098 0.412951
10.9896 11.452 0.368746
10.9896 11.4058 0.333041
9.66292 11.2473 0.340371
9.66292 11.1153 0.337604
9.66292 11.0036 0.330035
9.66292 10.9078 0.320207
9.66292 10.8248 0.309434
9.22401 10.7248 0.306252
9.22401 10.6365 0.300915
9.22401 10.558 0.294357
9.22401 10.4878 0.28715
8.84703 10.4058 0.284499
8.84703 10.3315 0.280608
8.77696 10.2609 0.276723
7.86758 10.1568 0.284156
7.53555 10.0476 0.293163
6.76849 9.91643 0.310279
6.68366 9.79209 0.322997
5.71325 9.64103 0.345574
5.71325 9.50075 0.361343
4.98539 9.34505 0.381847
4.94784 9.19847 0.396952
4.94784 9.06136 0.407683
4.88432 8.93082 0.41576
4.87804 8.80801 0.421264
4.72091 8.6878 0.425998
4.56906 8.57012 0.430061
4.56906 8.45898 0.432469
4.56906 8.35385 0.433559
4.56906 8.25425 0.43359
4.56906 8.15976 0.432767
4.56906 8.06999 0.431256
4.56906 7.9846 0.429186
4.56906 7.90328 0.426664
4.56906 7.82574 0.423778
4.56906 7.75172 0.420598
4.56906 7.681 0.417184
4.56906 7.61335 0.413585
4.56906 7.54857 0.40984
4.4587 7.4842 0.406342
4.4587 7.42246 0.402725
4.4587 7.36318 0.399015
4.4587 7.30623 0.395238
4.4587 7.25147 0.391412
4.4587 7.19878 0.387555
4.4587 7.14804 0.38368
4.4587 7.09914 0.379801
4.4587 7.05199 0.375925
4.4587 7.00649 0.372063
4.4587 6.96256 0.368222
4.4587 6.92013 0.364407
4.4587 6.8791 0.360623
4.4587 6.83942 0.356874
4.4587 6.80102 0.353165
4.4587 6.76384 0.349497
4.4587 6.72783 0.345873
4.4587 6.69292 0.342295
4.4587 6.65906 0.338765
4.4587 6.62622 0.335283
4.4587 6.59435 0.33185
4.4587 6.5634 0.328466
4.4587 6.53333 0.325133
4.4587 6.50411 0.32185
4.4587 6.4757 0.318618
4.4587 6.44807 0.315435
4.4587 6.42119 0.312303
4.4587 6.39502 0.30922
4.4587 6.36954 0.306186
4.4587 6.34473 0.3032
4.4587 6.32055 0.300263
4.4587 6.29698 0.297373
4.4587 6.274 0.29453
4.4587 6.25159 0.291733
4.4587 6.22972 0.288982
4.4587 6.20839 0.286275
4.4587 6.18756 0.283613
4.4587 6.16722 0.280993
4.4587 6.14735 0.278417
4.4587 6.12794 0.275881
4.4587 6.10897 0.273387
4.4587 6.09043 0.270933
4.4587 6.0723 0.268519
4.4587 6.05457 0.266143
4.4587 6.03722 0.263805
4.4587 6.02025 0.261505
4.4587 6.00364 0.25924
4.4587 5.98737 0.257012
4.4587 5.97145 0.254819
4.4587 5.95585 0.25266
4.4587 5.94058 0.250535
4.4587 5.92561 0.248442
4.4587 5.91094 0.246383
