0.142888 0.860914
0.090641 0.210268
0.758628 0.389483
0.733793 0.998381
0.381222 0.601245
0.0922914 0.330909
0.60999 0.113089
0.603869 0.360269
0.460685 0.957442
0.0445267 0.461425
0.0530033 0.567113
0.49889 0.0915413
0.652795 0.743467
0.0237436 0.626124
0.358512 0.600059
0.182682 0.524321
0.654153 0.0813627
0.581125 0.75686
0.0535707 0.140547
0.465304 0.759831
0.498881 0.570239
0.747049 0.726831
0.820178 0.333416
0.0154792 0.510397
0.0926537 0.0243706
0.390263 0.179247
0.224511 0.757111
0.808715 0.997769
0.564938 0.754454
0.526386 0.603918

14
1
9
4
28
22
13
18
29
20
27
16
15
5
21
30
8
3
23
17
7
12
26
25
19
2
6
10
24
11
