           1   0.0493683   0.0493683           0
           2   0.0495262   0.0494473 5.58194e-05
           3   0.0495029   0.0494658 4.01757e-05
           4   0.0494578   0.0494638 3.01815e-05
           5   0.0493088   0.0494328 3.67656e-05
           6   0.0491053   0.0493782 5.85008e-05
           7   0.0493225   0.0493703 5.06823e-05
           8   0.0489458   0.0493172 6.65534e-05
           9    0.048594   0.0492369 9.61211e-05
          10   0.0493025   0.0492434 8.67326e-05
          11   0.0486675   0.0491911 9.33229e-05
          12   0.0487982   0.0491583 9.11076e-05
          13   0.0494953   0.0491842 8.77096e-05
          14   0.0489004    0.049164 8.37551e-05
          15   0.0485344    0.049122 8.80605e-05
          16   0.0495139   0.0491465 8.58955e-05
          17    0.048419   0.0491037 9.08785e-05
          18   0.0496299   0.0491329  9.0409e-05
          19   0.0492288    0.049138 8.57914e-05
          20   0.0493643   0.0491493 8.22449e-05
          21   0.0490146   0.0491429 7.85783e-05
          22   0.0490016   0.0491365 7.52684e-05
          23    0.048929   0.0491274 7.25343e-05
          24   0.0493309   0.0491359 7.00058e-05
          25   0.0491716   0.0491373 6.72201e-05
          26   0.0489144   0.0491288 6.51791e-05
          27   0.0492773   0.0491343  6.2997e-05
          28   0.0490702    0.049132 6.07886e-05
          29   0.0496447   0.0491497  6.1209e-05
          30   0.0488624   0.0491401  5.9913e-05
          31   0.0494685   0.0491507 5.89095e-05
          32   0.0485705   0.0491326 5.97937e-05
          33   0.0493307   0.0491386 5.82823e-05
          34   0.0491972   0.0491403 5.65937e-05
          35   0.0489789   0.0491357 5.51642e-05
          36   0.0493662   0.0491421 5.40022e-05
          37   0.0491623   0.0491426 5.25454e-05
          38   0.0489552   0.0491377 5.13937e-05
          39   0.0482454   0.0491148 5.49327e-05
          40   0.0490531   0.0491133  5.3581e-05
          41   0.0493217   0.0491184 5.25147e-05
          42   0.0496668   0.0491314 5.28629e-05
          43   0.0489253   0.0491266 5.18504e-05
          44   0.0492448   0.0491293 5.07415e-05
          45   0.0489558   0.0491254 4.97601e-05
          46   0.0485185   0.0491123 5.03975e-05
          47   0.0488085   0.0491058 4.97378e-05
          48   0.0490471   0.0491046 4.87166e-05
          49   0.0485442   0.0490931 4.90465e-05
          50   0.0486162   0.0490836 4.89844e-05
          51   0.0489259   0.0490805 4.81214e-05
          52   0.0490147   0.0490792 4.72126e-05
          53   0.0494068   0.0490854 4.67246e-05
          54   0.0490022   0.0490839 4.58848e-05
          55   0.0484697   0.0490727 4.63894e-05
          56   0.0490309    0.049072 4.55671e-05
          57   0.0490102   0.0490709 4.47805e-05
          58   0.0485276   0.0490615 4.49775e-05
          59   0.0493583   0.0490665 4.44956e-05
          60   0.0488798   0.0490634 4.38627e-05
          61   0.0488267   0.0490595  4.3315e-05
          62   0.0492259   0.0490622 4.26993e-05
          63   0.0494085   0.0490677 4.23739e-05
          64   0.0490274   0.0490671 4.17165e-05
          65   0.0487852   0.0490628 4.12996e-05
          66   0.0494168   0.0490681 4.10208e-05
          67   0.0489009   0.0490656 4.04844e-05
          68   0.0490357   0.0490652 3.98914e-05
          69   0.0491516   0.0490664 3.93329e-05
          70   0.0489081   0.0490642  3.8836e-05
          71   0.0491453   0.0490653 3.83058e-05
          72   0.0492831   0.0490683  3.7893e-05
          73   0.0489189   0.0490663 3.74292e-05
          74   0.0493267   0.0490698 3.70885e-05
          75   0.0497487   0.0490789 3.76824e-05
          76   0.0486623   0.0490734 3.75831e-05
          77   0.0485957   0.0490672 3.76036e-05
          78   0.0490157   0.0490665 3.71273e-05
          79   0.0486438   0.0490612  3.7041e-05
          80   0.0490742   0.0490613 3.65783e-05
          81   0.0491953    0.049063 3.61641e-05
          82   0.0485547   0.0490568 3.62504e-05
          83   0.0490876   0.0490572 3.58155e-05
          84    0.049229   0.0490592 3.54475e-05
          85   0.0493725   0.0490629 3.52216e-05
          86   0.0494245   0.0490671 3.50621e-05
          87   0.0493832   0.0490707 3.48468e-05
          88   0.0496359   0.0490772 3.50377e-05
          89   0.0493522   0.0490802 3.47801e-05
          90   0.0489926   0.0490793 3.44073e-05
          91   0.0488725    0.049077 3.41041e-05
          92   0.0489839    0.049076 3.37484e-05
          93   0.0486298   0.0490712 3.37248e-05
          94    0.049418   0.0490749 3.35673e-05
          95   0.0494783   0.0490791 3.34815e-05
          96   0.0488301   0.0490765 3.32331e-05
          97   0.0488119   0.0490738 3.30023e-05
          98   0.0491809   0.0490749 3.26836e-05
          99   0.0487775   0.0490719 3.24912e-05
         100   0.0486591   0.0490678 3.24275e-05
           1     1.00528     1.00528           0
           2     1.31372      1.1595     0.10905
           3     1.38577     1.23492   0.0952781
           4     1.39057     1.27384   0.0790056
           5      1.4792     1.31491   0.0731051
           6     1.49082     1.34423   0.0665407
           7     1.52308     1.36978   0.0617456
           8     1.33209     1.36507   0.0542068
           9     1.39834     1.36876   0.0483097
          10     1.50854     1.38274   0.0454559
          11       1.357      1.3804   0.0413838
          12     1.40026     1.38206   0.0379682
          13     1.44288     1.38673   0.0353347
          14     1.44848     1.39114   0.0330849
          15     1.47597      1.3968   0.0313588
          16     1.17995     1.38325   0.0321947
          17     1.40457      1.3845   0.0303253
          18     1.35627     1.38293   0.0286811
          19     1.39852     1.38375   0.0271833
          20     1.33441     1.38128   0.0259358
          21     1.25443     1.37524   0.0253945
          22     1.62703     1.38669   0.0266949
          23     1.33246     1.38433   0.0256381
          24     1.46883     1.38785   0.0248105
          25     1.43814     1.38986   0.0238994
          26     1.37256      1.3892   0.0229895
          27     1.53977     1.39477   0.0228044
          28     1.47742     1.39773   0.0221801
          29     1.38086     1.39714   0.0214229
          30     1.42349     1.39802   0.0207268
          31      1.4832     1.40077   0.0202395
          32     1.30679     1.39783    0.019819
          33     1.28592     1.39444   0.0195064
          34     1.37975     1.39401   0.0189375
          35     1.42965     1.39503   0.0184237
          36     1.58492      1.4003   0.0186518
          37     1.33197     1.39846   0.0182389
          38     1.33946      1.3969   0.0178249
          39     1.44718     1.39819   0.0174144
          40     1.43703     1.39916   0.0170061
          41       1.334     1.39757   0.0166654
          42     1.40187     1.39768   0.0162689
          43     1.46309      1.3992   0.0159615
          44     1.53208     1.40222   0.0158819
          45     1.36177     1.40132   0.0155544
          46     1.33097     1.39979   0.0152912
          47     1.41096     1.40003   0.0149677
          48     1.36781     1.39936    0.014671
          49     1.48794     1.40116   0.0144825
          50     1.52362     1.40361   0.0143985
          51      1.4035     1.40361   0.0141161
          52     1.30558     1.40173     0.01397
          53     1.30855     1.39997   0.0138166
          54     1.41063     1.40017   0.0135621
          55     1.40126     1.40019   0.0133156
          56     1.25788     1.39764   0.0133181
          57     1.28129      1.3956   0.0132399
          58     1.42001     1.39602   0.0130184
          59     1.24555     1.39347   0.0130451
          60     1.31868     1.39223   0.0128871
          61     1.32473     1.39112   0.0127233
          62     1.51063     1.39305   0.0126632
          63     1.44062      1.3938   0.0124847
          64      1.4495     1.39467   0.0123199
          65     1.28751     1.39302   0.0122402
          66     1.34771     1.39234    0.012074
          67     1.32213     1.39129   0.0119392
          68     1.29617     1.38989   0.0118453
          69     1.42846     1.39045   0.0116868
          70     1.35559     1.38995   0.0115304
          71     1.55522     1.39228   0.0116006
          72     1.44639     1.39303   0.0114638
          73     1.32999     1.39217   0.0113393
          74     1.29257     1.39082   0.0112656
          75     1.49764     1.39225   0.0112051
          76     1.30952     1.39116   0.0111104
          77     1.29671     1.38993   0.0110336
          78     1.42587     1.39039   0.0109017
          79     1.34025     1.38976   0.0107822
          80     1.21242     1.38754   0.0108729
          81     1.33444     1.38688   0.0107584
          82     1.29664     1.38578   0.0106834
          83     1.37519     1.38566   0.0105554
          84     1.36955     1.38546   0.0104315
          85      1.4041     1.38568   0.0103111
          86     1.35441     1.38532   0.0101976
          87     1.34426     1.38485   0.0100913
          88     1.39666     1.38498   0.0099775
          89     1.34071     1.38449  0.00987778
          90     1.45022     1.38522  0.00979499
          91     1.24679     1.38369  0.00980477
          92     1.44724     1.38439   0.0097225
          93     1.44109     1.38499  0.00963706
          94     1.49396     1.38615    0.009604
          95     1.44053     1.38673  0.00951995
          96     1.34647     1.38631  0.00943001
          97      1.3094     1.38551  0.00936607
          98     1.39497     1.38561    0.009271
          99     1.26642     1.38441   0.0092552
         100      1.5675     1.38624  0.00934199
           1     7.44317     7.44317           0
           2     7.63042     7.53679   0.0662013
           3     7.70306     7.59221   0.0632095
           4     7.47089     7.56188   0.0541982
           5     7.60307     7.57012   0.0439801
           6     7.54536     7.56599   0.0368433
           7     7.57281     7.56697   0.0315928
           8     7.52909     7.56223   0.0279962
           9     7.52054      7.5576   0.0252658
          10     7.66085     7.56792   0.0247592
          11     7.49899     7.56166    0.023288
          12     7.57838     7.56305   0.0213889
          13     7.63488     7.56858   0.0204448
          14     7.61992     7.57224   0.0193105
          15     7.52334     7.56898   0.0182963
          16     7.58992     7.57029   0.0171995
          17     7.64811     7.57487   0.0167859
          18     7.58049     7.57518   0.0158563
          19     7.54375     7.57353   0.0151078
          20     7.61944     7.57582   0.0145258
          21      7.5306     7.57367   0.0139928
          22     7.47666     7.56926   0.0140344
          23     7.48005     7.56538   0.0139498
          24     7.55838     7.56509   0.0133716
          25     7.58524      7.5659    0.012861
          26     7.63585     7.56859   0.0126446
          27     7.60494     7.56993   0.0122478
          28     7.64652     7.57267   0.0121119
          29     7.62668     7.57453   0.0118366
          30     7.55454     7.57386   0.0114608
          31     7.48575     7.57102   0.0114381
          32     7.52195     7.56949    0.011183
          33     7.47981     7.56677   0.0111694
          34     7.58141      7.5672   0.0108492
          35     7.62358     7.56881   0.0106581
          36     7.65623     7.57124   0.0106351
          37     7.60116     7.57205   0.0103783
          38     7.70891     7.57565   0.0107119
          39     7.51284     7.57404   0.0105576
          40     7.58089     7.57421   0.0102951
          41     7.51378     7.57274   0.0101489
          42      7.6856     7.57542   0.0102569
          43     7.72836     7.57898   0.0106171
          44     7.50369     7.57727   0.0105128
          45     7.57621     7.57725   0.0102792
          46     7.59023     7.57753   0.0100596
          47     7.58957     7.57778  0.00984883
          48     7.66371     7.57957    0.009805
          49     7.65957     7.58121  0.00973987
          50     7.66746     7.58293  0.00969663
          51     7.56254     7.58253  0.00951474
          52     7.72343     7.58524  0.00970993
          53      7.6009     7.58554  0.00953122
          54     7.59092     7.58564  0.00935523
          55     7.53172     7.58466  0.00923637
          56     7.72796     7.58722  0.00941927
          57     7.46409     7.58506  0.00949849
          58     7.54933     7.58444  0.00935468
          59     7.53788     7.58365  0.00922935
          60     7.56013     7.58326  0.00908385
          61     7.65502     7.58444   0.0090108
          62     7.56361      7.5841  0.00887173
          63      7.5919     7.58422  0.00873177
          64     7.50113     7.58292  0.00869132
          65     7.54436     7.58233  0.00857783
          66     7.63596     7.58314  0.00848626
          67     7.58045      7.5831  0.00835969
          68     7.54669     7.58257  0.00825389
          69     7.60497     7.58289  0.00814065
          70     7.63229      7.5836  0.00805489
          71     7.54311     7.58303  0.00796159
          72     7.62683     7.58364  0.00787423
          73     7.61587     7.58408  0.00777873
          74     7.50699     7.58304  0.00774306
          75     7.57979     7.58299  0.00763994
          76     7.59208     7.58311  0.00754035
          77     7.52668     7.58238  0.00747795
          78      7.7058     7.58396  0.00754762
          79     7.65015      7.5848  0.00749845
          80     7.55533     7.58443  0.00741376
          81     7.64889     7.58523  0.00736482
          82     7.58558     7.58523    0.007275
          83     7.55379     7.58485  0.00719721
          84     7.53222     7.58423  0.00713875
          85     7.55809     7.58392  0.00706139
          86       7.682     7.58506  0.00707077
          87     7.64922      7.5858  0.00702786
          88     7.66104     7.58665  0.00699982
          89     7.54433     7.58618  0.00693731
          90     7.59737      7.5863  0.00686134
          91     7.54969      7.5859  0.00679773
          92     7.59811     7.58603  0.00672513
          93     7.51289     7.58524  0.00669865
          94     7.62726     7.58569  0.00664229
          95     7.60439     7.58589  0.00657529
          96     7.48773     7.58487  0.00658581
          97     7.57338     7.58475  0.00651898
          98     7.49706     7.58385  0.00651357
          99     7.48368     7.58284  0.00652589
         100     7.74675     7.58448   0.0066633
