           0           0           0
    0.064633           0           0
    0.129266           0           0
    0.193899           0           0
    0.258532           0           0
    0.323165           0           0
    0.387798           0           0
    0.452431           0           0
    0.517064           0           0
    0.581697           0           0
     0.64633           0           0
    0.710963           0           0
    0.775596           0           0
     0.84023  0.00100579 9.57443e-05
    0.904863    0.149037  0.00120264
    0.969496     1.06441  0.00339629
     1.03413     2.04117  0.00507116
     1.09876     2.27395  0.00535254
     1.16339      2.0853  0.00532805
     1.22803     1.82789  0.00373123
     1.29266      1.6189  0.00380755
     1.35729     1.45037  0.00314803
     1.42193      1.3364  0.00242233
     1.48656     1.24788  0.00236981
     1.55119     1.18221  0.00218216
     1.61583     1.14173  0.00193975
     1.68046     1.11036  0.00188894
     1.74509     1.09131  0.00173892
     1.80973     1.07551  0.00156999
     1.87436     1.06758  0.00174376
     1.93899     1.06127   0.0017423
     2.00362     1.05737  0.00146503
     2.06826     1.05395  0.00147784
     2.13289     1.05167   0.0013536
     2.19752     1.04733  0.00131799
     2.26216     1.04048  0.00161844
     2.32679     1.03374   0.0013582
     2.39142     1.03074  0.00127762
     2.45606     1.02723  0.00138277
     2.52069     1.01954  0.00111619
     2.58532     1.01626  0.00119912
     2.64995     1.01238   0.0012272
     2.71459     1.00972  0.00109194
     2.77922     1.00754   0.0010097
     2.84385     1.00594 0.000950874
     2.90849     1.00419  0.00103412
     2.97312     1.00021 0.000969121
     3.03775    0.998235  0.00100506
     3.10239    0.998268 0.000998892
     3.16702    0.995483 0.000966193
     3.23165    0.997045 0.000950873
     3.29629    0.994973 0.000958452
     3.36092    0.994428  0.00086249
     3.42555    0.991422 0.000819358
     3.49018    0.990971 0.000759781
     3.55482     0.99216 0.000877419
     3.61945    0.992524 0.000736375
     3.68408    0.992048 0.000722446
     3.74872    0.990736 0.000740157
     3.81335    0.991416 0.000794741
     3.87798    0.989561 0.000770599
     3.94262    0.989684 0.000735895
     4.00725    0.989982 0.000748104
     4.07188     0.98983 0.000674262
     4.13651    0.989298 0.000709662
     4.20115    0.988614 0.000700528
     4.26578    0.987604 0.000686484
     4.33041    0.988171 0.000671216
     4.39505    0.987076 0.000761697
     4.45968    0.988131 0.000671544
     4.52431    0.987631 0.000574411
     4.58895    0.988306 0.000475833
     4.65358    0.986358 0.000671545
     4.71821    0.987618 0.000567268
     4.78285     0.98732 0.000564056
     4.84748    0.987189 0.000615841
     4.91211    0.986222 0.000513337
     4.97674    0.986453 0.000562017
     5.04138    0.987095  0.00053018
     5.10601    0.986289 0.000559235
     5.17064    0.987646 0.000563974
     5.23528    0.986354  0.00056655
     5.29991    0.986378 0.000534253
     5.36454    0.986744 0.000490535
     5.42918    0.985929 0.000524075
     5.49381    0.986604 0.000549814
     5.55844    0.985856 0.000551245
     5.62307    0.985758  0.00045421
     5.68771    0.985464  0.00048579
     5.75234    0.986358 0.000459174
     5.81697    0.986052 0.000472949
     5.88161    0.985959 0.000439742
     5.94624    0.986482 0.000466803
     6.01087    0.986555 0.000384675
     6.07551    0.986084 0.000547969
     6.14014    0.984807 0.000444874
     6.20477    0.986349 0.000426921
      6.2694    0.985139 0.000483044
     6.33404    0.985636 0.000470467
     6.39867    0.985359  0.00040796
           0           0           0
   0.0256496           0           0
   0.0512993           0           0
   0.0769489           0           0
    0.102599           0           0
    0.128248           0           0
    0.153898           0           0
    0.179547           0           0
    0.205197           0           0
    0.230847           0           0
    0.256496           0           0
    0.282146           0           0
    0.307796           0           0
    0.333445           0           0
    0.359095           0           0
    0.384745           0           0
    0.410394           0           0
    0.436044           0           0
    0.461694           0           0
    0.487343           0           0
    0.512993           0           0
    0.538642           0           0
    0.564292           0           0
    0.589942           0           0
    0.615591           0           0
    0.641241           0           0
    0.666891           0           0
     0.69254           0           0
     0.71819           0           0
     0.74384           0           0
    0.769489           0           0
    0.795139           0           0
    0.820788           0           0
    0.846438 1.75071e-05 6.05526e-06
    0.872088  0.00133431 5.41663e-05
    0.897737   0.0238953 0.000240575
    0.923387    0.164439 0.000783161
    0.949037    0.561183  0.00190657
    0.974686     1.19814  0.00239306
     1.00034     1.86223  0.00303445
     1.02599     2.33738  0.00249612
     1.05164     2.55589  0.00213682
     1.07728     2.54911  0.00214429
     1.10293     2.40936  0.00222743
     1.12858     2.19921  0.00221625
     1.15423     1.97553  0.00219178
     1.17988     1.75527  0.00202574
     1.20553     1.56017  0.00215497
     1.23118     1.39194  0.00199192
     1.25683     1.24656  0.00167641
     1.28248     1.12691  0.00164021
     1.30813     1.02341  0.00134911
     1.33378    0.940704  0.00122543
     1.35943    0.871079  0.00115278
     1.38508    0.815225   0.0012681
     1.41073    0.772507  0.00105886
     1.43638    0.735499    0.001006
     1.46203    0.710276  0.00100237
     1.48768    0.689578  0.00111048
     1.51333    0.677579  0.00100866
     1.53898    0.673283  0.00132775
     1.56463    0.671301  0.00125553
     1.59028    0.676359  0.00122368
     1.61593    0.686241  0.00112614
     1.64158    0.702398  0.00111597
     1.66723    0.723342  0.00107446
     1.69288    0.749197  0.00115441
     1.71853    0.780556  0.00110331
     1.74418     0.81557  0.00113688
     1.76983    0.853203  0.00109183
     1.79547    0.893828  0.00115579
     1.82112    0.934463  0.00113343
     1.84677    0.976517  0.00110821
     1.87242     1.01754  0.00113932
     1.89807     1.05736  0.00122794
     1.92372      1.0958  0.00112569
     1.94937     1.12992  0.00114355
     1.97502     1.16197   0.0010206
     2.00067     1.18665  0.00103621
     2.02632     1.20565  0.00103386
     2.05197      1.2147  0.00100278
     2.07762     1.21582  0.00108206
     2.10327     1.20941 0.000927096
     2.12892     1.19645  0.00109159
     2.15457     1.17571 0.000986619
     2.18022     1.15131 0.000946833
     2.20587     1.12472   0.0010297
     2.23152     1.09501 0.000869275
     2.25717     1.06632 0.000886124
     2.28282     1.03867 0.000916297
     2.30847      1.0122 0.000828443
     2.33412    0.986653  0.00090159
     2.35977    0.964853 0.000824288
     2.38542    0.946023 0.000766393
     2.41107    0.930414 0.000774543
     2.43672    0.917394 0.000804886
     2.46237    0.907693 0.000839646
     2.48802    0.894033 0.000818531
     2.51366     0.88599  0.00085357
     2.53931    0.885921 0.000838992
           0           0           0
   0.0230664           0           0
   0.0461329           0           0
   0.0691993           0           0
   0.0922657           0           0
    0.115332           0           0
    0.138399           0           0
    0.161465           0           0
    0.184531           0           0
    0.207598           0           0
    0.230664           0           0
    0.253731           0           0
    0.276797           0           0
    0.299864           0           0
     0.32293           0           0
    0.345996           0           0
    0.369063           0           0
    0.392129           0           0
    0.415196           0           0
    0.438262           0           0
    0.461329           0           0
    0.484395           0           0
    0.507461           0           0
    0.530528           0           0
    0.553594           0           0
    0.576661           0           0
    0.599727           0           0
    0.622794           0           0
     0.64586           0           0
    0.668926           0           0
    0.691993           0           0
    0.715059           0           0
    0.738126           0           0
    0.761192           0           0
    0.784259           0           0
    0.807325           0           0
    0.830391           0           0
    0.853458           0           0
    0.876524 9.35234e-05 1.32084e-05
    0.899591  0.00337973 8.12413e-05
    0.922657   0.0467774 0.000300942
    0.945724    0.292183 0.000964784
     0.96879     1.00437  0.00204627
    0.991856     2.23709  0.00259207
     1.01492     3.62618   0.0022534
     1.03799     4.62016  0.00242747
     1.06106     4.90042  0.00360965
     1.08412     4.49297  0.00368447
     1.10719     3.66204  0.00294225
     1.13026     2.69611  0.00186724
     1.15332     1.81734  0.00135828
     1.17639      1.1282  0.00125041
     1.19945    0.654277  0.00123589
     1.22252    0.351867  0.00101504
     1.24559    0.179029 0.000831255
     1.26865   0.0879761 0.000590468
     1.29172    0.048278 0.000469897
     1.31479   0.0417113 0.000452773
     1.33785    0.059795  0.00051502
     1.36092    0.104715  0.00056938
     1.38399    0.182758 0.000695181
     1.40705    0.298556 0.000658802
     1.43012     0.45334 0.000679812
     1.45319    0.628625 0.000611269
     1.47625    0.799016 0.000833067
     1.49932    0.922711  0.00127065
     1.52238    0.972641   0.0015216
     1.54545    0.931394  0.00130845
     1.56852    0.810401 0.000902909
     1.59158     0.64107 0.000660253
     1.61465    0.465636  0.00059891
     1.63772      0.3154 0.000675971
     1.66078    0.217751  0.00081437
     1.68385    0.190449 0.000917188
     1.70692    0.252909  0.00113125
     1.72998    0.432695  0.00127477
     1.75305    0.747819   0.0013768
     1.77612     1.19656  0.00109131
     1.79918     1.72709 0.000777604
     1.82225       2.236  0.00117721
     1.84531     2.59949  0.00213924
     1.86838     2.71773  0.00269006
     1.89145     2.56166  0.00251081
     1.91451     2.18353  0.00169638
     1.93758     1.69044 0.000996247
     1.96065     1.19953 0.000811189
     1.98371    0.800567  0.00124326
     2.00678    0.540123   0.0013776
     2.02985    0.432303  0.00140685
     2.05291    0.459388  0.00115316
     2.07598    0.585218  0.00087147
     2.09905     0.75831 0.000476995
     2.12211    0.917847    0.000638
     2.14518     1.01491 0.000912418
     2.16824     1.02322  0.00103841
     2.19131    0.920829 0.000795352
     2.21438    0.780487 0.000569963
     2.23744    0.652775 0.000674672
     2.26051    0.570411  0.00107534
     2.28358    0.570852  0.00136285
