-0.153378 0
-0.107345 0.0460335
-0.12434 0.0315468
-0.112731 0.0251467
-0.113116 0.0194824
-0.124488 0.019554
-0.126096 0.0166041
-0.134117 0.0164656
-0.127357 0.0160175
-0.124644 0.0145811
-0.126844 0.0133713
-0.121652 0.0132646
-0.122913 0.0122666
-0.118204 0.0122942
-0.120642 0.0117019
-0.127534 0.0129352
-0.129117 0.0122532
-0.128954 0.0115536
-0.130859 0.0110934
-0.130144 0.0105484
-0.130058 0.0100339
-0.131009 0.0096141
-0.129849 0.00925954
-0.129683 0.00886688
-0.130534 0.00854725
-0.131853 0.00831709
-0.132002 0.00800451
-0.135671 0.0085416
-0.138055 0.00857972
-0.139779 0.00846609
-0.140462 0.00821687
-0.139206 0.00805442
-0.140041 0.00785103
-0.141203 0.00770476
-0.14191 0.0075147
-0.14172 0.00730545
-0.143301 0.00727902
-0.142531 0.00712663
-0.142229 0.00694805
-0.140636 0.00695695
-0.140205 0.00679883
-0.142483 0.00701517
-0.142925 0.00686438
-0.143083 0.00670841
-0.141699 0.00670215
-0.142714 0.00663301
-0.142159 0.0065141
-0.141915 0.00638158
-0.143296 0.00640062
-0.143189 0.00627221
-0.141519 0.00637087
-0.141175 0.00625662
-0.1399 0.00626839
-0.139715 0.00615399
-0.139021 0.00608088
-0.139275 0.00597673
-0.138484 0.00592397
-0.137728 0.0058699
-0.139384 0.00600261
-0.137799 0.00611097
-0.137375 0.00602485
-0.13746 0.00592749
-0.137008 0.00585018
-0.136379 0.00579224
-0.136844 0.00572132
-0.13624 0.00566615
-0.135986 0.00558673
-0.136537 0.00553142
-0.136804 0.00545722
-0.137667 0.00544754
-0.139435 0.00565375
-0.139283 0.00557676
-0.140036 0.00555119
-0.140501 0.00549535
-0.140962 0.00544119
-0.142016 0.0054716
-0.14253 0.00542439
-0.142439 0.00535517
-0.141127 0.00544721
-0.14023 0.00545297
-0.140901 0.00542683
-0.140372 0.00538625
-0.141744 0.00549482
-0.141436 0.00543769
-0.140888 0.00540122
-0.140451 0.00535597
-0.140452 0.00529404
-0.140739 0.00524138
-0.140672 0.00518258
-0.139921 0.00517934
-0.139563 0.00513463
-0.139824 0.00508519
-0.140239 0.00504736
-0.140657 0.00501086
-0.139863 0.00502111
-0.139113 0.00502486
-0.138973 0.00497476
-0.139623 0.00496655
-0.139537 0.00491688
-0.140617 0.00498576
