-3 0
-2.94 0
-2.88 0
-2.82 0
-2.76 0
-2.7 1
-2.64 1
-2.58 0
-2.52 9
-2.46 3
-2.4 3
-2.34 7
-2.28 18
-2.22 7
-2.16 15
-2.1 22
-2.04 45
-1.98 49
-1.92 115
-1.86 110
-1.8 206
-1.74 257
-1.68 306
-1.62 440
-1.56 503
-1.5 654
-1.44 797
-1.38 904
-1.32 1160
-1.26 1280
-1.2 1486
-1.14 1690
-1.08 1854
-1.02 2028
-0.96 2125
-0.9 2378
-0.84 2301
-0.78 2457
-0.72 2517
-0.66 2501
-0.6 2426
-0.54 2393
-0.48 2352
-0.42 2221
-0.36 2205
-0.3 2109
-0.24 1993
-0.18 2099
-0.12 1990
-0.06 1967
0 2056
0.06 2054
0.12 2107
0.18 2146
0.24 2195
0.3 2149
0.36 2301
0.42 2369
0.48 2490
0.54 2479
0.6 2386
0.66 2433
0.72 2378
0.78 2296
0.84 2191
0.9 2099
0.96 1824
1.02 1902
1.08 1685
1.14 1540
1.2 1175
1.26 1107
1.32 986
1.38 744
1.44 704
1.5 546
1.56 407
1.62 319
1.68 264
1.74 197
1.8 143
1.86 102
1.92 69
1.98 61
2.04 20
2.1 43
2.16 10
2.22 7
2.28 4
2.34 3
2.4 0
2.46 0
2.52 2
2.58 0
2.64 0
2.7 2
2.76 0
2.82 0
2.88 0
2.94 0
