-0.407744 0
-0.432906 0.0251618
-0.442457 0.0173859
-0.440044 0.0125282
-0.427151 0.0161372
-0.428797 0.0132784
-0.430861 0.0114105
-0.437877 0.0121188
-0.439847 0.0108678
-0.440688 0.00975685
-0.444302 0.00953643
-0.439985 0.00971677
-0.438298 0.009096
-0.440424 0.00868539
-0.440523 0.00808627
-0.437723 0.00806555
-0.438794 0.00765161
-0.43874 0.00721422
-0.436258 0.00726114
-0.437474 0.00699495
-0.437018 0.00666913
-0.437997 0.00643374
-0.438702 0.00618792
-0.439968 0.00605827
-0.4404 0.00582695
-0.441267 0.00566499
-0.441297 0.00545122
-0.441926 0.0052905
-0.440984 0.00519102
-0.441474 0.00503886
-0.442071 0.00491004
-0.442797 0.00480921
-0.442296 0.00468807
-0.441183 0.00468208
-0.440998 0.00455014
-0.440726 0.00443028
-0.441173 0.00433203
-0.440723 0.00424045
-0.440368 0.00414553
-0.439888 0.0040689
-0.440096 0.00397384
-0.438663 0.00413439
-0.438584 0.00403788
-0.439486 0.00404685
-0.439513 0.00395599
-0.438388 0.00402908
-0.438577 0.00394695
-0.438834 0.00387235
-0.439418 0.00383725
-0.439953 0.00379767
-0.440292 0.00373784
-0.440548 0.00367421
-0.440193 0.0036217
-0.440684 0.00358769
-0.439481 0.00372166
-0.439694 0.00366082
-0.440193 0.00363046
-0.440097 0.0035686
-0.440176 0.00350849
-0.440071 0.0034511
-0.440378 0.00340792
-0.439783 0.00340501
-0.440056 0.00336165
-0.440201 0.00331188
-0.439901 0.00327426
-0.440243 0.00324231
-0.440114 0.00319613
-0.440355 0.003158
-0.439997 0.00313246
-0.438647 0.00336962
-0.439171 0.00336296
-0.438912 0.00332603
-0.437852 0.00344735
-0.437443 0.00342489
-0.437315 0.00338136
-0.437538 0.00334402
-0.437734 0.00330612
-0.437936 0.0032697
-0.438185 0.00323764
-0.438561 0.00321891
-0.43841 0.0031825
-0.438327 0.00314455
-0.437876 0.00313889
-0.438569 0.00317762
-0.438541 0.00314013
-0.438368 0.00310826
-0.438406 0.00307257
-0.437105 0.00330434
-0.437065 0.00326725
-0.436855 0.00323758
-0.436971 0.0032039
-0.437088 0.00317104
-0.437151 0.00313741
-0.437423 0.0031157
-0.437195 0.00309117
-0.437211 0.00305885
-0.437513 0.00304214
-0.437815 0.00302601
-0.438023 0.00300253
-0.438208 0.0029781
