           1    -0.568839    -0.568839           0
           2    -0.568131    -0.568485 0.000250316
           3    -0.567914    -0.568295 0.000228145
           4    -0.568229    -0.568278 0.000171702
           5    -0.569464    -0.568515 0.000252713
           6    -0.568617    -0.568532 0.000211159
           7    -0.567617    -0.568401 0.000217759
           8     -0.56861    -0.568428 0.000192099
           9    -0.567873    -0.568366 0.000180374
          10    -0.569233    -0.568453 0.000181978
          11    -0.568713    -0.568476 0.000166964
          12    -0.568871    -0.568509  0.00015626
          13    -0.568581    -0.568515 0.000144337
          14    -0.567796    -0.568463 0.000142865
          15    -0.566789    -0.568352 0.000171499
          16    -0.568592    -0.568367 0.000161437
          17    -0.568462    -0.568372 0.000152037
          18    -0.568062    -0.568355 0.000144562
          19    -0.568787    -0.568378 0.000138731
          20      -0.5693    -0.568424 0.000139246
