           1     0.284803     0.284803           0
           2      0.28475     0.284776 1.87955e-05
           3     0.283085     0.284213 0.000460398
           4     0.284852     0.284372 0.000371993
           5     0.283308      0.28416 0.000353265
           6     0.284066     0.284144  0.00029473
           7     0.282726     0.283941 0.000314642
           8     0.283919     0.283939 0.000275323
           9     0.286078     0.284176 0.000331866
          10     0.284754     0.284234 0.000303658
          11     0.286852     0.284472 0.000357333
          12     0.281971     0.284264 0.000383537
          13     0.283772     0.284226 0.000355898
          14     0.284889     0.284273 0.000333616
          15     0.286077     0.284394 0.000332352
          16     0.282867     0.284298 0.000324992
          17     0.283518     0.284252 0.000309096
          18     0.284125     0.284245 0.000292005
          19     0.285862      0.28433 0.000288763
          20     0.284526      0.28434 0.000274492
