           1    -0.570169    -0.570169           0
           2    -0.569483    -0.569826 0.000242362
           3    -0.569746    -0.569799 0.000163041
           4     -0.57007    -0.569867 0.000135653
           5     -0.57087    -0.570068 0.000209693
           6    -0.570051    -0.570065 0.000174763
           7    -0.568967    -0.569908  0.00020861
           8    -0.570094    -0.569931 0.000183832
           9    -0.569596    -0.569894 0.000167135
          10    -0.570705    -0.569975 0.000168966
          11    -0.570288    -0.570004 0.000155984
          12    -0.569798    -0.569987  0.00014392
          13    -0.570239    -0.570006 0.000134156
          14    -0.569265    -0.569953 0.000134601
          15    -0.568464    -0.569854 0.000158055
          16    -0.570044    -0.569866 0.000148623
          17    -0.569643    -0.569853 0.000140458
          18     -0.56947    -0.569831 0.000134252
          19    -0.570545    -0.569869 0.000132341
          20    -0.571336    -0.569942 0.000144628
