           1     0.281799     0.281799           0
           2     0.283567     0.282683 0.000625249
           3     0.281197     0.282188 0.000580772
           4     0.280316      0.28172 0.000594929
           5     0.281308     0.281637 0.000481618
           6     0.282335     0.281754  0.00041515
           7     0.279791     0.281473 0.000440492
           8     0.280353     0.281333 0.000407087
           9      0.28348     0.281572 0.000426057
          10     0.282061     0.281621  0.00038625
          11     0.284647     0.281896  0.00043832
          12     0.280847     0.281808 0.000410421
          13     0.280371     0.281698 0.000393454
          14     0.282282      0.28174  0.00036756
          15      0.28165     0.281734 0.000343104
          16     0.280351     0.281647 0.000332358
          17     0.282161     0.281677  0.00031418
          18     0.281073     0.281644 0.000298514
          19     0.282385     0.281683 0.000285342
          20     0.281369     0.281667 0.000271506
