           1    0.0476332    0.0476332           0
           2     0.047238    0.0474356 0.000139724
           3    0.0460884    0.0469865 0.000378309
           4    0.0486832    0.0474107 0.000464157
           5     0.044382     0.046805 0.000656825
           6    0.0434096    0.0462391 0.000752635
           7    0.0435524    0.0458553 0.000736505
           8    0.0471632    0.0460188  0.00066234
           9     0.051008    0.0465731 0.000787269
          10    0.0520636    0.0471222 0.000879398
          11    0.0461728    0.0470359 0.000803677
          12    0.0415976    0.0465827 0.000854983
          13    0.0460024     0.046538  0.00079038
          14    0.0400248    0.0460728 0.000860014
          15    0.0454744    0.0460329 0.000803605
          16     0.049522     0.046251 0.000782408
          17    0.0401364    0.0458913 0.000814875
          18    0.0437068    0.0457699 0.000778589
          19    0.0517836    0.0460864 0.000799359
          20    0.0475112    0.0461577 0.000762559
