           1      2.32704      2.32704           0
           2      2.38281      2.35493    0.019715
           3      2.30304      2.33763   0.0192919
           4      2.30201      2.32872   0.0163962
           5      2.35248      2.33347    0.013788
           6      2.33947      2.33447   0.0115262
           7      2.33928      2.33516  0.00990005
           8      2.35122      2.33717  0.00886378
           9      2.37948      2.34187  0.00903985
          10      2.39992      2.34767  0.00982468
          11      2.34995      2.34788   0.0089337
          12      2.33789      2.34705  0.00822796
          13      2.34147      2.34662  0.00760624
          14      2.32711      2.34523   0.0071895
          15       2.3438      2.34513  0.00671084
          16      2.32764      2.34404  0.00637985
          17      2.36688      2.34538  0.00614445
          18       2.2799      2.34174  0.00679514
          19      2.32401      2.34081  0.00650127
          20      2.34314      2.34093  0.00617725
