           1    0.0010512    0.0010512           0
           2    0.0022232    0.0016372 0.000414365
           3    0.0001544   0.00114293 0.000489057
           4   -0.0005248     0.000726 0.000514696
           5   -0.0018696   0.00020688  0.00062059
           6   -0.0052336 -0.000699867 0.000976018
           7   -0.0046396  -0.00126269 0.000985591
           8   -0.0007776  -0.00120205 0.000864256
           9    0.0043668 -0.000583289 0.000964623
          10     0.005294     4.44e-06  0.00103179
          11   -0.0005296 -4.41091e-05  0.00093913
          12   -0.0051912 -0.000473033 0.000953803
          13   -0.0007012 -0.000490585 0.000880595
          14   -0.0060664 -0.000888857 0.000903281
          15   -0.0013816 -0.000921707  0.00084366
          16    0.0029932 -0.000677025 0.000825651
          17   -0.0057116 -0.000973176 0.000828495
          18   -0.0020712  -0.00103418  0.00078471
          19    0.0045016 -0.000742821 0.000795663
          20    0.0028396   -0.0005637  0.00077578
