           1      2.37785      2.37785           0
           2      2.42811      2.40298   0.0177669
           3      2.36224       2.3894   0.0162252
           4      2.36638      2.38364   0.0131504
           5      2.40261      2.38744   0.0110539
           6      2.40768      2.39081  0.00971299
           7       2.3845      2.38991  0.00836713
           8      2.41848      2.39348  0.00804714
           9      2.43302      2.39787  0.00826591
          10      2.45877      2.40396  0.00941878
          11      2.41969      2.40539  0.00867042
          12      2.36479      2.40201  0.00858268
          13      2.41747       2.4032  0.00800448
          14      2.37741      2.40136  0.00764179
          15      2.39853      2.40117  0.00713466
          16      2.38247          2.4  0.00678383
          17      2.41554      2.40091  0.00644606
          18      2.35668      2.39846  0.00653969
          19      2.41311      2.39923  0.00624081
          20      2.40208      2.39937   0.0059304
