           1   -0.416671   -0.416671           0
           2   -0.418366   -0.417519 0.000599036
           3   -0.416254   -0.417097 0.000527135
           4   -0.403546    -0.41371  0.00296036
           5   -0.418896   -0.414747  0.00254356
           6   -0.412886   -0.414437  0.00213847
           7   -0.411616   -0.414034  0.00187056
           8   -0.418115   -0.414544  0.00170487
           9   -0.414566   -0.414546  0.00151544
          10   -0.408771   -0.413969  0.00146984
          11   -0.414666   -0.414032  0.00133759
          12   -0.418867   -0.414435  0.00128538
          13   -0.407254   -0.413883  0.00129979
          14   -0.412628   -0.413793  0.00121004
          15   -0.417993   -0.414073  0.00116131
          16   -0.414152   -0.414078  0.00108873
          17   -0.413288   -0.414031  0.00102568
          18   -0.412225   -0.413931   0.0009736
          19   -0.412479   -0.413855 0.000925352
          20   -0.408547   -0.413589  0.00091635
          21   -0.408656   -0.413354 0.000902327
          22   -0.419562   -0.413637 0.000904359
          23    -0.41714   -0.413789 0.000877772
          24   -0.410585   -0.413655 0.000851288
          25   -0.409348   -0.413483 0.000834488
          26   -0.414172    -0.41351 0.000802814
          27   -0.413456   -0.413508 0.000773082
          28   -0.419293   -0.413714 0.000772594
          29   -0.414071   -0.413727 0.000746051
          30   -0.416668   -0.413825 0.000727597
          31   -0.413104   -0.413801 0.000704497
          32   -0.416089   -0.413873   0.0006861
          33   -0.412453    -0.41383 0.000666658
          34   -0.414069   -0.413837 0.000647087
          35   -0.414149   -0.413846 0.000628661
          36   -0.417083   -0.413936 0.000617597
          37   -0.414791   -0.413959 0.000601337
          38    -0.41435   -0.413969   0.0005856
          39   -0.414934   -0.413994 0.000571107
          40    -0.40967   -0.413886 0.000566967
          41   -0.413326   -0.413872 0.000553303
          42   -0.412902   -0.413849 0.000540611
          43   -0.412272   -0.413812 0.000529281
          44   -0.415826   -0.413858 0.000519227
          45   -0.413072   -0.413841 0.000507983
          46   -0.418056   -0.413932 0.000505137
          47   -0.411983   -0.413891 0.000496089
          48   -0.407966   -0.413767 0.000500874
          49   -0.414909   -0.413791 0.000491193
          50   -0.409532   -0.413705 0.000488696
          51   -0.413141   -0.413694 0.000479239
          52    -0.41415   -0.413703 0.000470103
          53   -0.412136   -0.413674 0.000462162
          54   -0.409789   -0.413602 0.000459168
          55    -0.41424   -0.413613 0.000450966
          56   -0.417595   -0.413684 0.000448485
          57     -0.4095   -0.413611 0.000446585
          58   -0.416327   -0.413658 0.000441333
          59   -0.410105   -0.413598 0.000437941
          60   -0.411328    -0.41356 0.000432273
          61     -0.4218   -0.413695 0.000445792
          62   -0.410409   -0.413642 0.000441742
          63   -0.411604   -0.413609 0.000435913
          64   -0.420174   -0.413712 0.000441003
          65   -0.415865   -0.413745 0.000435461
          66   -0.409087   -0.413675 0.000434544
          67   -0.414244   -0.413683 0.000428142
          68   -0.414708   -0.413698 0.000422111
          69   -0.407847   -0.413613 0.000424427
          70   -0.412393   -0.413596 0.000418722
          71   -0.407494    -0.41351 0.000421552
          72   -0.410474   -0.413468 0.000417801
          73   -0.419537   -0.413551 0.000420269
          74   -0.417138   -0.413599 0.000417376
          75   -0.414257   -0.413608 0.000411903
          76    -0.41302     -0.4136 0.000406556
          77   -0.419395   -0.413676 0.000408182
          78   -0.413366   -0.413672 0.000402969
          79   -0.416421   -0.413707 0.000399368
          80   -0.408115   -0.413637 0.000400446
          81   -0.416327    -0.41367 0.000396877
          82   -0.421859    -0.41377 0.000404408
          83   -0.409948   -0.413724 0.000402149
          84   -0.417931   -0.413774 0.000400469
          85   -0.412387   -0.413757 0.000396089
          86   -0.414713   -0.413769 0.000391639
          87   -0.417148   -0.413807 0.000389059
          88   -0.417113   -0.413845 0.000386446
          89   -0.419929   -0.413913 0.000388104
          90    -0.41171   -0.413889 0.000384564
          91   -0.415087   -0.413902 0.000380563
          92   -0.413348   -0.413896 0.000376474
          93   -0.414502   -0.413903 0.000372482
          94   -0.416174   -0.413927 0.000369303
          95   -0.418291   -0.413973 0.000368262
          96   -0.411079   -0.413942 0.000365657
          97   -0.416215   -0.413966 0.000362637
          98   -0.417865   -0.414006 0.000361113
          99   -0.418247   -0.414049 0.000359997
         100   -0.416996   -0.414078 0.000357602
           1    -5.53981    -5.53981           0
           2    -5.47979     -5.5098    0.021221
           3    -5.46378    -5.49446   0.0188952
           4    -5.46286    -5.48656   0.0157367
           5    -5.44762    -5.47877   0.0143882
           6    -5.44041    -5.47238   0.0133352
           7    -5.44155    -5.46797   0.0121358
           8    -5.48247    -5.46979   0.0107532
           9    -5.45736     -5.4684  0.00964664
          10    -5.44838     -5.4664  0.00888733
          11    -5.47006    -5.46673  0.00808561
          12     -5.4619    -5.46633  0.00742186
          13    -5.45656    -5.46558  0.00688887
          14    -5.45335    -5.46471  0.00645192
          15    -5.45017    -5.46374  0.00609413
          16    -5.50842    -5.46653  0.00632079
          17    -5.46932    -5.46669  0.00595111
          18    -5.47332    -5.46706  0.00563186
          19    -5.46771     -5.4671  0.00533555
          20    -5.48147    -5.46782  0.00511691
          21    -5.49567    -5.46914  0.00504225
          22    -5.43249    -5.46748   0.0050809
          23    -5.46554    -5.46739  0.00486069
          24    -5.46541    -5.46731  0.00465886
          25    -5.46471     -5.4672  0.00447366
          26    -5.46635    -5.46717  0.00430172
          27    -5.44098     -5.4662  0.00425036
          28    -5.43762    -5.46518  0.00421934
          29    -5.47349    -5.46547  0.00408357
          30     -5.4534    -5.46507  0.00396721
          31    -5.44361    -5.46437  0.00389913
          32    -5.49201    -5.46524  0.00387178
          33    -5.48521    -5.46584  0.00380148
          34    -5.46818    -5.46591   0.0036903
          35    -5.46267    -5.46582  0.00358602
          36    -5.43286     -5.4649  0.00360141
          37    -5.47278    -5.46512  0.00351037
          38     -5.4737    -5.46534  0.00342524
          39    -5.45362    -5.46504  0.00335059
          40     -5.4674     -5.4651  0.00326734
          41    -5.48035    -5.46547  0.00320875
          42    -5.46806    -5.46553  0.00313294
          43    -5.45258    -5.46523  0.00307453
          44    -5.45077     -5.4649  0.00302218
          45    -5.46666    -5.46494  0.00295527
          46    -5.47431    -5.46515  0.00289803
          47    -5.46028    -5.46504  0.00283821
          48    -5.47276     -5.4652  0.00278364
          49     -5.4403     -5.4647  0.00277285
          50    -5.44089    -5.46422  0.00275796
          51    -5.47201    -5.46437  0.00270811
          52    -5.48058    -5.46468  0.00267391
          53    -5.47509    -5.46488  0.00263066
          54    -5.46204    -5.46483  0.00258247
          55    -5.45766     -5.4647  0.00253881
          56    -5.48152      -5.465  0.00251119
          57    -5.48414    -5.46533  0.00248949
          58    -5.46291    -5.46529  0.00244692
          59    -5.49448    -5.46579  0.00245494
          60    -5.47422    -5.46593  0.00241805
          61    -5.47586    -5.46609  0.00238389
          62      -5.442     -5.4657  0.00237688
          63    -5.44882    -5.46543  0.00235422
          64    -5.45722    -5.46531  0.00232092
          65    -5.48376    -5.46559  0.00230252
          66    -5.46975    -5.46565   0.0022685
          67    -5.47618    -5.46581  0.00224008
          68     -5.4757    -5.46595  0.00221185
          69    -5.45447    -5.46579  0.00218605
          70    -5.47672    -5.46594  0.00216038
          71    -5.42921    -5.46543  0.00219104
          72    -5.45626     -5.4653  0.00216431
          73    -5.48436    -5.46556  0.00215036
          74     -5.4836     -5.4658  0.00213508
          75    -5.44329     -5.4655  0.00212761
          76    -5.48876    -5.46581  0.00212152
          77     -5.4835    -5.46604  0.00210636
          78    -5.45055    -5.46584  0.00208869
          79    -5.48572    -5.46609  0.00207736
          80    -5.49041     -5.4664  0.00207351
          81    -5.48317     -5.4666  0.00205822
          82    -5.48677    -5.46685  0.00204777
          83    -5.46542    -5.46683  0.00202317
          84    -5.46676    -5.46683  0.00199908
          85     -5.4679    -5.46684   0.0019756
          86    -5.46734    -5.46685  0.00195264
          87    -5.47606    -5.46696  0.00193306
          88    -5.46292    -5.46691  0.00191164
          89    -5.48153    -5.46707  0.00189721
          90    -5.46372    -5.46704   0.0018765
          91    -5.49086     -5.4673  0.00187405
          92     -5.4551    -5.46717  0.00185836
          93    -5.44866    -5.46697    0.001849
          94    -5.45159     -5.4668  0.00183656
          95    -5.45158    -5.46664  0.00182421
          96    -5.47364    -5.46672  0.00180666
          97    -5.48088    -5.46686  0.00179393
          98    -5.47474    -5.46694  0.00177742
          99    -5.49103    -5.46719  0.00177603
         100    -5.43398    -5.46685  0.00178905
           1     -7.5742     -7.5742           0
           2     -7.5382     -7.5562   0.0127278
           3    -7.52769     -7.5467   0.0114991
           4    -7.56858    -7.55217  0.00983986
           5    -7.54458    -7.55065  0.00798808
           6    -7.55491    -7.55136  0.00668825
           7    -7.55114    -7.55133  0.00573286
           8    -7.55873    -7.55225  0.00509033
           9    -7.55989     -7.5531  0.00459501
          10    -7.53347    -7.55114  0.00453553
          11    -7.56379    -7.55229   0.0042666
          12    -7.54868    -7.55199  0.00392163
          13    -7.53814    -7.55092  0.00376187
          14    -7.54225     -7.5503  0.00354376
          15    -7.56047    -7.55098  0.00337168
          16    -7.54709    -7.55074  0.00316969
          17    -7.53683    -7.54992  0.00308704
          18    -7.54919    -7.54988   0.0029158
          19    -7.55514    -7.55016  0.00277544
          20    -7.54182    -7.54974  0.00266782
          21    -7.55865    -7.55016  0.00257431
          22    -7.56717    -7.55094  0.00257077
          23    -7.56727    -7.55165  0.00255522
          24    -7.55249    -7.55168    0.002449
          25    -7.54734    -7.55151   0.0023572
          26    -7.53907    -7.55103  0.00231457
          27    -7.54518    -7.55081  0.00223897
          28     -7.5384    -7.55037  0.00220243
          29    -7.54026    -7.55002  0.00215392
          30    -7.55427    -7.55016  0.00208678
          31    -7.56592    -7.55067  0.00208041
          32    -7.55994    -7.55096  0.00203547
          33    -7.56758    -7.55146  0.00203514
          34    -7.54878    -7.55139  0.00197681
          35    -7.54086    -7.55108  0.00194307
          36    -7.53458    -7.55063  0.00194245
          37    -7.54546    -7.55049  0.00189497
          38    -7.52653    -7.54986  0.00194717
          39    -7.56132    -7.55015  0.00191931
          40    -7.54956    -7.55014  0.00187138
          41    -7.56125    -7.55041  0.00184526
          42    -7.52983    -7.54992  0.00186525
          43    -7.52256    -7.54928  0.00192733
          44    -7.56349     -7.5496  0.00191039
          45    -7.54923    -7.54959  0.00186795
          46    -7.54752    -7.54955  0.00182789
          47    -7.54786    -7.54951  0.00178935
          48    -7.53419    -7.54919  0.00178032
          49    -7.53449    -7.54889  0.00176909
          50    -7.53302    -7.54858  0.00176198
          51    -7.55239    -7.54865  0.00172902
          52    -7.52342    -7.54817  0.00176256
          53    -7.54452     -7.5481  0.00173065
          54    -7.54759    -7.54809  0.00169863
          55    -7.55778    -7.54826  0.00167687
          56    -7.52237     -7.5478   0.0017095
          57    -7.57073     -7.5482  0.00172618
          58    -7.55408    -7.54831  0.00169939
          59    -7.55543    -7.54843  0.00167487
          60    -7.55277     -7.5485  0.00164853
          61    -7.53399    -7.54826  0.00163856
          62     -7.5516    -7.54831  0.00161302
          63    -7.54729     -7.5483  0.00158749
          64    -7.56248    -7.54852  0.00157808
          65    -7.55506    -7.54862    0.001557
          66    -7.54033    -7.54849  0.00153847
          67    -7.54933    -7.54851  0.00151556
          68    -7.55529    -7.54861  0.00149655
          69    -7.54493    -7.54855  0.00147581
          70     -7.5399    -7.54843   0.0014599
          71    -7.55617    -7.54854   0.0014434
          72    -7.54115    -7.54844    0.001427
          73    -7.54239    -7.54835  0.00140985
          74    -7.56266    -7.54855  0.00140399
          75     -7.5491    -7.54855  0.00138529
          76     -7.5467    -7.54853  0.00136728
          77    -7.55868    -7.54866  0.00135586
          78    -7.52536    -7.54836  0.00137099
          79    -7.53487    -7.54819  0.00136423
          80    -7.55359    -7.54826  0.00134884
          81    -7.53563     -7.5481  0.00134117
          82    -7.54922    -7.54812  0.00132488
          83     -7.5536    -7.54818  0.00131056
          84    -7.55776     -7.5483   0.0012999
          85    -7.55351    -7.54836  0.00128606
          86    -7.52969    -7.54814   0.0012893
          87    -7.53552      -7.548  0.00128261
          88    -7.53465    -7.54784  0.00127698
          89    -7.55681    -7.54795   0.0012666
          90    -7.54655    -7.54793  0.00125262
          91    -7.55472      -7.548  0.00124107
          92    -7.54535    -7.54798  0.00122792
          93    -7.56112    -7.54812  0.00122283
          94    -7.54094    -7.54804   0.0012122
          95     -7.5443      -7.548  0.00120008
          96    -7.56551    -7.54818  0.00120137
          97    -7.55014     -7.5482  0.00118915
          98    -7.56346    -7.54836  0.00118716
          99    -7.56587    -7.54854  0.00118827
         100    -7.51876    -7.54824  0.00121313
