           1     -0.49472     -0.49472           0
           2    -0.493701    -0.494211 0.000360294
           3    -0.494295    -0.494239 0.000241291
           4    -0.494159    -0.494219 0.000181796
           5    -0.494585    -0.494292 0.000159505
           6    -0.493941    -0.494233 0.000143254
           7    -0.494395    -0.494256 0.000124631
           8    -0.494326    -0.494265 0.000109351
           9    -0.494067    -0.494243 9.93979e-05
          10     -0.49484    -0.494303 0.000105895
          11    -0.494479    -0.494319  9.7476e-05
          12    -0.493903    -0.494284 9.53089e-05
          13    -0.495039    -0.494342 0.000104191
          14     -0.49445     -0.49435 9.70311e-05
          15    -0.493103    -0.494267 0.000121037
          16    -0.494706    -0.494294 0.000116537
          17    -0.494631    -0.494314 0.000111352
          18    -0.494394    -0.494319 0.000105254
          19    -0.494694    -0.494338 0.000101555
          20    -0.495457    -0.494394 0.000110804
