           1    -0.493623    -0.493623           0
           2    -0.492902    -0.493262 0.000255124
           3    -0.493439    -0.493321 0.000176759
           4    -0.493246    -0.493303 0.000133558
           5    -0.493822    -0.493406 0.000141547
           6    -0.492879    -0.493319 0.000142645
           7    -0.493631    -0.493363 0.000129071
           8    -0.493553    -0.493387 0.000115092
           9    -0.492967     -0.49334 0.000111352
          10    -0.493398    -0.493346 0.000100364
          11    -0.493415    -0.493352 9.14369e-05
          12    -0.492964     -0.49332 8.93593e-05
          13    -0.494362      -0.4934  0.00011287
          14    -0.493795    -0.493428 0.000108278
          15    -0.492349    -0.493356 0.000122668
          16    -0.493666    -0.493376 0.000116513
          17    -0.493772    -0.493399 0.000111967
          18    -0.493452    -0.493402 0.000105786
          19    -0.493537    -0.493409 0.000100456
          20    -0.494332    -0.493455 0.000105501
