           1      1.57668      1.57668           0
           2      1.59454      1.58561  0.00631534
           3        1.578      1.58308  0.00469196
           4       1.5901      1.58483  0.00383313
           5      1.59603      1.58707  0.00366272
           6      1.60057      1.58932  0.00367937
           7      1.58365      1.58851   0.0032417
           8      1.60585      1.59068  0.00348663
           9      1.59784      1.59147  0.00318873
          10      1.62615      1.59494  0.00436524
          11      1.60336      1.59571  0.00403494
          12      1.56555      1.59319  0.00441255
          13      1.63358       1.5963  0.00504951
          14      1.59812      1.59643   0.0046905
          15      1.59305       1.5962  0.00438321
          16        1.611      1.59713  0.00420568
          17      1.61823      1.59837  0.00413733
          18      1.56801      1.59668  0.00423734
          19       1.5905      1.59636   0.0040268
          20      1.59336      1.59621  0.00382825
