           1     0.034006     0.034006           0
           2    0.0340128    0.0340094 2.40416e-06
           3    0.0309888    0.0330025 0.000822105
           4    0.0329352    0.0329857 0.000616751
           5    0.0292428    0.0322371  0.00083171
           6    0.0299608    0.0318577 0.000774804
           7    0.0293016    0.0314926 0.000745216
           8    0.0313168    0.0314706 0.000652388
           9     0.033816    0.0317312 0.000629802
          10    0.0340192      0.03196 0.000606961
          11    0.0289232    0.0316839 0.000611352
          12    0.0304392    0.0315802 0.000569138
          13    0.0312144    0.0315521 0.000526053
          14    0.0283652    0.0313244 0.000535468
          15    0.0321984    0.0313827  0.00050293
          16    0.0339596    0.0315438 0.000496616
          17    0.0276684    0.0313158 0.000517084
          18     0.031694    0.0313368 0.000488784
          19    0.0352728     0.031544 0.000505053
          20    0.0302652      0.03148 0.000483831
