           1     0.221501     0.221501           0
           2     0.222863     0.222182 0.000481661
           3     0.220536     0.221633 0.000551238
           4     0.221015     0.221479  0.00043457
           5     0.220756     0.221334 0.000370938
           6      0.22008     0.221125 0.000363277
           7     0.219125     0.220839 0.000408597
           8     0.218782     0.220582 0.000430925
           9     0.221774     0.220715 0.000402894
          10      0.22082     0.220725 0.000362741
          11     0.222391     0.220877 0.000359991
          12     0.219683     0.220777 0.000343453
          13     0.220443     0.220751 0.000317993
          14     0.220291     0.220719 0.000296972
          15     0.221667     0.220782 0.000283819
          16     0.219096     0.220676 0.000284965
          17     0.218496     0.220548 0.000295657
          18     0.219674       0.2205 0.000283189
          19     0.222107     0.220584 0.000280643
          20     0.221419     0.220626 0.000269697
