           1     0.000546     0.000546           0
           2     0.002784     0.001665 0.000791252
           3    -0.001378  0.000650667 0.000981923
           4    0.0013488    0.0008252 0.000751794
           5    -0.002562   0.00014776 0.000853735
           6   -0.0022292   -0.0002484 0.000798086
           7   -0.0037768 -0.000752457 0.000828091
           8   -0.0013244  -0.00082395 0.000727659
           9    0.0019188   -0.0005192 0.000707753
          10    0.0023596  -0.00023132 0.000693057
          11   -0.0020228 -0.000394182 0.000648905
          12   -0.0014608 -0.000483067 0.000600886
          13   -0.0004532 -0.000480769 0.000554669
          14   -0.0035172 -0.000697657 0.000555838
          15     0.001192  -0.00057168 0.000532867
          16    0.0015088  -0.00044165 0.000515184
          17   -0.0044204 -0.000675694 0.000535408
          18    0.0009524 -0.000585244 0.000513247
          19    0.0035156 -0.000369411 0.000529675
          20      -0.0003  -0.00036594 0.000503203
