           1     0.222639     0.222639           0
           2     0.223531     0.223085 0.000315265
           3        0.222     0.222723 0.000362309
           4     0.223251     0.222855 0.000294788
           5     0.222243     0.222733 0.000260007
           6     0.221468     0.222522 0.000289769
           7     0.221781     0.222416 0.000267024
           8      0.22123     0.222268 0.000271692
           9     0.221579     0.222191 0.000252045
          10     0.222049     0.222177 0.000227241
          11     0.223636      0.22231 0.000242214
          12     0.220851     0.222188 0.000250702
          13     0.222231     0.222192 0.000231439
          14     0.222048     0.222181 0.000215135
          15      0.22335     0.222259 0.000214439
          16     0.220731     0.222164 0.000221301
          17     0.219742     0.222021 0.000249962
          18      0.22125     0.221978 0.000239718
          19     0.223157      0.22204 0.000234987
          20     0.222105     0.222044  0.00022326
