           1       1.5954       1.5954           0
           2      1.61403      1.60472  0.00658534
           3      1.58804      1.59916  0.00631438
           4      1.61555      1.60326  0.00591778
           5      1.61856      1.60632  0.00546845
           6      1.62462      1.60937  0.00534083
           7      1.60847      1.60924  0.00457937
           8      1.63107      1.61197  0.00475087
           9       1.6218      1.61306  0.00434692
          10      1.65541       1.6173  0.00560805
          11      1.62997      1.61845  0.00521523
          12      1.58708      1.61583  0.00539628
          13      1.65233      1.61864   0.0056644
          14      1.61454      1.61835  0.00526737
          15      1.61623      1.61821  0.00491811
          16      1.64072      1.61961  0.00480784
          17      1.64224      1.62094  0.00470557
          18       1.5935      1.61942  0.00468467
          19      1.62001      1.61945  0.00443821
          20      1.62042       1.6195  0.00421656
