1.49159 0
1.51943 0.0278456
1.47969 0.0428705
1.49682 0.0348214
1.4982 0.0270074
1.50736 0.0238787
1.5122 0.0207544
1.51226 0.0179739
1.51519 0.0161191
1.51138 0.0149124
1.51946 0.0157242
1.51921 0.0143563
1.52053 0.0132718
1.51446 0.0137034
1.51497 0.0127672
1.51404 0.0119789
1.51378 0.0112552
1.5107 0.0110488
1.5117 0.0104988
1.50917 0.0102766
1.5078 0.00987006
1.50638 0.00951863
1.5051 0.00918459
1.50262 0.00913666
1.50197 0.00878739
1.50084 0.00851748
1.50119 0.00820336
1.49912 0.00817118
1.49947 0.00789188
1.50013 0.0076528
1.50326 0.00803647
1.5051 0.00799652
1.50393 0.00783902
1.50473 0.00764693
1.50201 0.00790627
1.50107 0.00774149
1.50155 0.00754502
1.50101 0.00736348
1.50078 0.00717602
1.49951 0.00710818
1.50015 0.00696215
1.49996 0.00679704
1.50004 0.00663755
1.49993 0.00648584
1.50159 0.00655247
1.5025 0.00647322
1.50152 0.00640902
1.50088 0.00630647
1.5005 0.00618841
1.50186 0.00621382
1.50125 0.00612083
1.50231 0.00609508
1.50278 0.00599706
1.50236 0.00589963
1.50193 0.00580771
1.50192 0.00570306
1.50206 0.0056038
1.50219 0.00550793
1.50366 0.00560966
1.50414 0.00553595
1.50373 0.00546014
1.50268 0.00547322
1.50226 0.00540135
1.50248 0.00532062
1.50305 0.00526955
1.50322 0.00519181
1.50263 0.00514777
1.50273 0.00507256
1.50213 0.00503425
1.50229 0.00496439
1.5021 0.00489786
1.50201 0.00483018
1.50223 0.00476883
1.50237 0.00470586
1.50195 0.00466162
1.50297 0.00471164
1.50303 0.00465048
1.50288 0.00459294
1.50217 0.0045906
1.50189 0.0045414
1.50171 0.00448863
1.50146 0.00444039
1.5005 0.00449112
1.50094 0.00445961
1.50089 0.00440709
1.5004 0.00438406
1.50023 0.00433639
1.50068 0.00431033
1.5016 0.00435887
1.50066 0.00441189
1.50071 0.00436344
1.50086 0.00431854
1.50057 0.00428198
1.49997 0.00427789
1.50032 0.00424678
1.50066 0.00421615
1.50072 0.00417292
1.50083 0.0041314
1.50062 0.00409449
1.50065 0.00405345
4.99333 0
5.07231 0.078985
5.05057 0.0505216
5.00715 0.0562254
5.00667 0.0435547
5.02422 0.0396566
5.01969 0.0338198
5.01217 0.0302386
5.02451 0.0293822
5.03108 0.0270888
5.01962 0.0270501
5.01779 0.024761
5.01267 0.023344
5.02045 0.0229679
5.01806 0.021515
5.01339 0.02066
5.00505 0.0211235
5.00581 0.0199301
5.00982 0.0192739
5.01332 0.0186174
5.01192 0.0177647
5.00958 0.0170981
5.01205 0.0165225
5.01295 0.0158448
5.01651 0.0156101
5.01318 0.0153631
5.00773 0.0157561
5.00564 0.0153266
5.00609 0.0147956
5.00129 0.0150774
5.00091 0.0145879
5.00205 0.0141704
5.00297 0.013765
5.00352 0.0133653
5.00493 0.0130545
5.00654 0.0127883
5.00885 0.0126513
5.00939 0.0123255
5.01471 0.0131315
5.01554 0.0128261
5.01353 0.0126701
5.01322 0.0123686
5.00833 0.0130305
5.00659 0.0128484
5.00631 0.0125629
5.00653 0.0122888
5.00692 0.012031
5.00479 0.01197
5.00414 0.011741
5.00354 0.0115195
5.00263 0.0113281
5.00401 0.0111935
5.00376 0.0109829
5.00373 0.0107776
5.00564 0.0107504
5.00391 0.0106974
5.00585 0.0106866
5.00521 0.0105202
5.00477 0.01035
5.00479 0.0101761
5.0073 0.0103167
5.00691 0.0101561
5.00657 0.00999959
5.00922 0.0101936
5.00854 0.0100584
5.00729 0.0099844
5.00637 0.00987694
5.00738 0.00978282
5.00777 0.0096478
5.00751 0.00951243
5.00815 0.00939969
5.00644 0.00942594
5.00639 0.00929606
5.00732 0.0092171
5.00815 0.00913141
5.0083 0.00901174
5.00673 0.0090319
5.00739 0.00893984
5.00581 0.00896744
5.00551 0.00885963
5.00501 0.0087637
5.0034 0.0088053
5.0035 0.00869912
5.00407 0.00861392
5.00328 0.00854873
5.00232 0.00850231
5.00291 0.00842426
5.00149 0.00844779
5.0004 0.00842317
5.00056 0.00833059
4.99997 0.00825938
4.99811 0.00837883
5.00011 0.00852554
5.00042 0.00844013
5.0003 0.00835165
4.99935 0.0083188
4.99944 0.00823306
4.99847 0.00820579
4.99854 0.00812281
4.9976 0.00809677
