           1    0.0023648    0.0023648           0
           2    0.0007116    0.0015382 0.000584494
           3    0.0008088   0.00129507 0.000437317
           4     0.000582    0.0011168 0.000362506
           5   -0.0016892    0.0005556 0.000579706
           6   -0.0031064 -5.47333e-05 0.000737426
           7   -0.0036588   -0.0005696  0.00079167
           8    -3.28e-05   -0.0005025 0.000695549
           9      0.00196 -0.000228889 0.000669924
          10    0.0029696    9.096e-05 0.000674981
          11   -0.0019464 -9.42545e-05 0.000638525
          12   -0.0021204   -0.0002631 0.000607228
          13   -0.0022172 -0.000413415 0.000578824
          14   -0.0053736 -0.000767714 0.000636746
          15    0.0003968  -0.00069008 0.000599011
          16    0.0026816  -0.00047935 0.000597491
          17   -0.0065988 -0.000839318 0.000661956
          18   -0.0016528 -0.000884511 0.000626721
          19    0.0045888 -0.000596442 0.000656612
          20   -0.0003864  -0.00058594 0.000623865
