           1     0.251288     0.251288           0
           2     0.252712        0.252 0.000503611
           3     0.251127     0.251709 0.000411313
           4     0.251532     0.251664 0.000310854
           5     0.251089     0.251549 0.000269142
           6     0.251379     0.251521 0.000225781
           7     0.250621     0.251392 0.000227236
           8     0.251849     0.251449 0.000205873
           9     0.251981     0.251508 0.000191282
          10      0.25074     0.251432 0.000186952
          11     0.251861     0.251471 0.000173976
          12     0.249202     0.251282 0.000241233
          13     0.249909     0.251176 0.000244704
          14     0.249974      0.25109 0.000241815
          15     0.251747     0.251134 0.000229628
          16     0.248896     0.250994 0.000254321
          17     0.249371     0.250899 0.000256656
          18     0.250406     0.250871 0.000243853
          19     0.250938     0.250875 0.000231044
          20     0.251317     0.250897 0.000220545
