           1     0.249359     0.249359           0
           2     0.251121      0.25024 0.000623132
           3     0.249081     0.249854 0.000521645
           4      0.24944      0.24975 0.000401341
           5     0.250189     0.249838 0.000330527
           6     0.250025     0.249869 0.000276906
           7       0.2488     0.249716 0.000276282
           8     0.248192     0.249526  0.00030038
           9     0.250045     0.249584 0.000272497
          10     0.248897     0.249515 0.000253761
          11     0.250673      0.24962 0.000251587
          12     0.247704      0.24946 0.000276685
          13     0.247778     0.249331 0.000284054
          14     0.249173      0.24932  0.00026399
          15     0.250378      0.24939 0.000255642
          16     0.246975     0.249239 0.000280726
          17     0.247484     0.249136 0.000282563
          18     0.248493       0.2491 0.000269118
          19     0.249733     0.249134 0.000257008
          20     0.250055      0.24918 0.000248255
