           1      1.93532      1.93532           0
           2      1.94387      1.93959  0.00302342
           3      1.91003      1.92974   0.0082951
           4      1.92988      1.92977  0.00622141
           5      1.94168      1.93215  0.00541363
           6       1.9513      1.93534  0.00536988
           7      1.91304      1.93216  0.00546694
           8      1.96888      1.93675  0.00642799
           9      1.96002      1.93933  0.00621225
          10      1.99049      1.94445  0.00740359
          11      1.95818       1.9457  0.00683489
          12      1.90664      1.94244  0.00699737
          13      1.97195      1.94471   0.0068174
          14      1.93925      1.94432   0.0063416
          15      1.93724      1.94385   0.0059364
          16      1.94712      1.94405  0.00556889
          17       1.9678      1.94545  0.00541359
          18      1.91722      1.94388  0.00533525
          19      1.92238      1.94275  0.00517309
          20      1.94805      1.94302  0.00492123
