           1    -0.528796    -0.528796           0
           2      -0.5279    -0.528348 0.000316784
           3    -0.528095    -0.528264 0.000222114
           4    -0.528418    -0.528302 0.000169918
           5    -0.529282    -0.528498 0.000221722
           6    -0.528538    -0.528505  0.00018487
           7    -0.528188     -0.52846  0.00016391
           8    -0.528829    -0.528506 0.000149776
           9    -0.528286    -0.528481 0.000135117
          10    -0.528924    -0.528526 0.000128653
          11    -0.528774    -0.528548 0.000118929
          12    -0.528338    -0.528531 0.000110305
          13    -0.529578    -0.528611 0.000127883
          14    -0.529198    -0.528653 0.000125438
          15    -0.526795    -0.528529  0.00016741
          16     -0.52909    -0.528564 0.000160568
          17    -0.529254    -0.528605 0.000156158
          18    -0.528966    -0.528625 0.000148769
          19    -0.529021    -0.528646  0.00014239
          20    -0.530134     -0.52872 0.000153497
