           1      1.89348      1.89348           0
           2      1.90292       1.8982  0.00333538
           3      1.86041       1.8856   0.0105227
           4      1.88289      1.88493  0.00791381
           5      1.91711      1.89136  0.00855686
           6      1.91903      1.89597  0.00828056
           7      1.89501      1.89584  0.00709877
           8       1.9246      1.89943  0.00706352
           9      1.91959      1.90167  0.00662429
          10      1.93994       1.9055  0.00698013
          11      1.92495      1.90727  0.00656571
          12      1.87502      1.90458  0.00654544
          13      1.92772      1.90636  0.00627937
          14      1.91069      1.90667  0.00583847
          15      1.90207      1.90636  0.00545729
          16       1.8993      1.90592  0.00513401
          17      1.94051      1.90796  0.00521974
          18       1.8733      1.90603   0.0052728
          19       1.8742      1.90436  0.00525469
          20      1.91043      1.90466  0.00500074
