           1     0.041508     0.041508           0
           2    0.0383864    0.0399472  0.00110365
           3    0.0384716    0.0394553 0.000838238
           4    0.0397172    0.0395208  0.00063123
           5    0.0355076    0.0387182 0.000877721
           6    0.0342112     0.037967  0.00100259
           7    0.0344968    0.0374713 0.000974251
           8    0.0392412    0.0376925 0.000877231
           9    0.0397484    0.0379209 0.000808956
          10    0.0413976    0.0382686 0.000799285
          11    0.0355872    0.0380248 0.000762889
          12    0.0368672    0.0379284 0.000705388
          13    0.0374952     0.037895 0.000651914
          14    0.0326236    0.0375185  0.00070576
          15    0.0376184    0.0375252  0.00065874
          16    0.0417584    0.0377897 0.000668594
          17    0.0318684    0.0374414 0.000714255
          18    0.0349156    0.0373011  0.00068822
          19    0.0421888    0.0375584 0.000698423
          20     0.036938    0.0375273  0.00066419
