           1     -0.53006     -0.53006           0
           2    -0.528957    -0.529509 0.000389769
           3    -0.529372    -0.529463 0.000262496
           4    -0.529662    -0.529513 0.000201512
           5    -0.530381    -0.529686 0.000223818
           6    -0.529516    -0.529658 0.000188299
           7    -0.529143    -0.529584 0.000175191
           8    -0.529855    -0.529618 0.000156531
           9    -0.529617    -0.529618 0.000139139
          10    -0.530411    -0.529697  0.00014609
          11    -0.529937    -0.529719 0.000134417
          12    -0.529601    -0.529709 0.000123573
          13    -0.530852    -0.529797 0.000141906
          14    -0.530141    -0.529822 0.000133882
          15    -0.527862    -0.529691 0.000177612
          16    -0.530346    -0.529732 0.000171168
          17    -0.530194    -0.529759 0.000163243
          18    -0.530246    -0.529786 0.000156401
          19    -0.530301    -0.529813 0.000150493
          20    -0.531412    -0.529893 0.000162808
