           1     0.423959     0.423959           0
           2      0.42529     0.424624 0.000470595
           3     0.422495     0.423915 0.000659125
           4     0.427555     0.424825 0.000930332
           5     0.432123     0.426284  0.00150288
           6      0.42578       0.4262  0.00125475
           7     0.433079     0.427183  0.00140869
           8     0.428549     0.427354  0.00124291
           9     0.424296     0.427014  0.00115032
          10     0.427497     0.427062   0.0010363
          11       0.4284     0.427184 0.000949204
          12     0.430017      0.42742 0.000898995
          13     0.423627     0.427128 0.000875914
          14     0.429599     0.427305 0.000830934
          15     0.434356     0.427775 0.000898735
          16     0.435848     0.428279 0.000973959
          17     0.437693     0.428833  0.00106249
          18     0.428962      0.42884  0.00100349
          19     0.430692     0.428938 0.000955393
          20     0.422549     0.428618 0.000959535
