           1       9.5012       9.5012           0
           2      9.60733      9.55427   0.0375243
           3      9.77712      9.62855    0.065609
           4      9.44516       9.5827   0.0632286
           5      9.93587      9.65334   0.0809313
           6      9.80755      9.67904   0.0714073
           7      9.69914      9.68191    0.061264
           8      10.0069      9.72253   0.0657067
           9      9.79982      9.73112   0.0589646
          10      9.78241      9.73625   0.0532908
          11      9.68534      9.73162   0.0486467
          12       9.5004      9.71235   0.0482582
          13       9.5714      9.70151   0.0457478
          14       9.8494      9.71207   0.0436827
          15       9.7409      9.71399   0.0408128
          16       9.7958      9.71911   0.0385809
          17      9.81042      9.72448   0.0366835
          18      9.70716      9.72352   0.0346581
          19      10.2167      9.74947   0.0414278
          20      9.71697      9.74785   0.0393882
