           1     -0.78245     -0.78245           0
           2    -0.782747    -0.782599 0.000104935
           3    -0.783918    -0.783038 0.000365686
           4    -0.782396    -0.782878 0.000307514
           5    -0.781987      -0.7827 0.000293092
           6    -0.782315    -0.782636 0.000251151
           7    -0.783074    -0.782698 0.000222958
           8    -0.784097    -0.782873 0.000254557
           9    -0.781874    -0.782762 0.000249289
          10    -0.782432    -0.782729 0.000226536
          11    -0.782051    -0.782667  0.00021416
          12    -0.783231    -0.782714   0.0002014
          13    -0.782671    -0.782711 0.000185935
          14     -0.78243    -0.782691 0.000173738
          15    -0.782219     -0.78266 0.000164978
          16    -0.783767    -0.782729 0.000168567
          17    -0.783321    -0.782764 0.000162208
          18    -0.783926    -0.782828 0.000165545
          19    -0.784843    -0.782934 0.000187754
          20     -0.78203    -0.782889 0.000183734
