           1     0.445307     0.445307           0
           2      0.45223     0.448768  0.00244777
           3     0.447765     0.448434  0.00165455
           4     0.444728     0.447508  0.00147768
           5      0.45555     0.449116  0.00186211
           6     0.453109     0.449782   0.0016664
           7     0.455888     0.450654   0.0016409
           8     0.448128     0.450338  0.00146586
           9     0.454897     0.450845  0.00138773
          10     0.453148     0.451075  0.00126792
          11     0.452116      0.45117  0.00115618
          12     0.444644     0.450626  0.00118081
          13     0.447215     0.450363  0.00111875
          14     0.454228     0.450639  0.00107236
          15     0.463104      0.45147  0.00128305
          16     0.451165     0.451451    0.001203
          17     0.458237      0.45185  0.00119662
          18     0.451562     0.451834  0.00113025
          19     0.453501     0.451922  0.00107417
          20     0.451267     0.451889  0.00102096
