           1     0.170579     0.170579           0
           2     0.174453     0.172516  0.00136967
           3     0.179334     0.174789  0.00206817
           4     0.154085     0.169613  0.00474336
           5     0.183648      0.17242  0.00455007
           6     0.173682      0.17263  0.00379659
           7     0.163078     0.171266  0.00349084
           8     0.177266     0.172016  0.00313401
           9     0.182694     0.173202  0.00300197
          10     0.167982      0.17268  0.00274679
          11     0.166977     0.172162  0.00254554
          12     0.156644     0.170868  0.00264155
          13     0.151124      0.16935  0.00284163
          14     0.168472     0.169287  0.00263935
          15     0.170124     0.169343  0.00246398
          16      0.16045     0.168787  0.00237185
          17     0.155212     0.167988  0.00236293
          18     0.178272      0.16856  0.00229968
          19     0.180464     0.169186  0.00226239
          20     0.175045     0.169479  0.00216815
