           1    -0.789722    -0.789722           0
           2    -0.788963    -0.789342  0.00026846
           3     -0.79132    -0.790002 0.000567305
           4    -0.788497    -0.789625 0.000535882
           5    -0.789701    -0.789641 0.000428918
           6    -0.789491    -0.789616 0.000358153
           7    -0.789378    -0.789582 0.000308589
           8    -0.791645     -0.78984 0.000362113
           9    -0.788923    -0.789738 0.000335884
          10    -0.789963     -0.78976 0.000303048
          11    -0.789024    -0.789693 0.000282789
          12    -0.789316    -0.789662 0.000260967
          13    -0.788812    -0.789597 0.000248948
          14    -0.789536    -0.789592 0.000231204
          15    -0.788597    -0.789526 0.000225113
          16    -0.789944    -0.789552 0.000212555
          17    -0.789799    -0.789567 0.000200546
          18    -0.790081    -0.789595 0.000191427
          19    -0.791507    -0.789696 0.000206106
          20    -0.789329    -0.789677 0.000196615
