           1      8.36961      8.36961           0
           2      8.56558       8.4676   0.0692854
           3       8.4471      8.46077   0.0465259
           4      8.48446      8.46669   0.0352694
           5      8.39592      8.45254   0.0309253
           6      8.65204      8.48579    0.039818
           7      8.92514      8.54855   0.0673899
           8      8.84327      8.58539   0.0682975
           9      8.59262       8.5862   0.0607137
          10      8.46439      8.57401   0.0558508
          11      8.38127      8.55649   0.0534513
          12      8.63469      8.56301   0.0493927
          13      8.51275      8.55914   0.0457443
          14      8.57963      8.56061   0.0425002
          15      8.75383      8.57349   0.0415733
          16      8.77025      8.58579   0.0407533
          17      8.80643      8.59877     0.04037
          18      8.56992      8.59716    0.038159
          19      9.18415      8.62806   0.0470222
          20      8.51541      8.62242   0.0450072
