           1    0.0039996    0.0039996           0
           2    -8.88e-05    0.0019554  0.00144547
           3    0.0021988   0.00203653 0.000965919
           4   -0.0144212   -0.0020779   0.0036361
           5    0.0089488   0.00012744   0.0035146
           6   -0.0037916 -0.000525733  0.00298891
           7    -0.007652  -0.00154377   0.0027298
           8    0.0105872    -2.74e-05  0.00277799
           9    0.0084848    0.0009184   0.0026254
          10    -0.000372   0.00078936  0.00236603
          11    -0.004214  0.000334509  0.00219422
          12   -0.0258336  -0.00184617  0.00289908
          13   -0.0105508  -0.00251575  0.00275231
          14   -0.0021764  -0.00249151  0.00255583
          15   -0.0010204  -0.00239344  0.00238732
          16    -0.002346  -0.00239047  0.00223811
          17   -0.0187716  -0.00335407  0.00230458
          18    0.0076496  -0.00274276  0.00225617
          19     0.012382  -0.00194672  0.00227352
          20     0.003018  -0.00169848  0.00217335
