           1    -0.847289    -0.847289           0
           2    -0.848452     -0.84787 0.000411253
           3    -0.847367    -0.847703 0.000306472
           4    -0.849012     -0.84803 0.000364956
           5     -0.84897    -0.848218  0.00033689
           6    -0.848555    -0.848274 0.000285393
           7     -0.84678    -0.848061  0.00031447
           8    -0.847864    -0.848036 0.000276121
           9    -0.846903     -0.84791 0.000272628
          10    -0.850056    -0.848125 0.000318815
          11    -0.847258    -0.848046 0.000299421
          12    -0.849244    -0.848146 0.000290637
          13    -0.849313    -0.848236 0.000281803
          14    -0.848086    -0.848225 0.000261878
          15    -0.848229    -0.848225 0.000244419
          16    -0.848037    -0.848213 0.000229426
          17     -0.84971    -0.848301   0.0002322
          18    -0.850763    -0.848438 0.000256435
          19    -0.849247    -0.848481 0.000246449
          20    -0.849573    -0.848535 0.000240099
