           1      18.3868      18.3868           0
           2      18.7201      18.5535    0.117869
           3      18.5992      18.5687    0.079561
           4      18.3524      18.5146   0.0758561
           5      19.1008      18.6319    0.121155
           6      18.8595      18.6698    0.106735
           7      18.9621      18.7116   0.0993225
           8      18.6373      18.7023   0.0873396
           9      17.9939      18.6236    0.107399
          10      18.7997      18.6412   0.0980935
          11      18.8047      18.6561   0.0902958
          12      18.3313       18.629   0.0867314
          13      18.6725      18.6323   0.0801243
          14      18.2616      18.6059   0.0786557
          15      18.5051      18.5991   0.0736982
          16      18.3214      18.5818   0.0711066
          17      17.7105      18.5305   0.0833734
          18      19.2063      18.5681   0.0867831
          19      19.5306      18.6187   0.0958674
          20      18.3662      18.6061   0.0919016
