           1    -0.861282    -0.861282           0
           2    -0.860762    -0.861022 0.000183754
           3    -0.861459    -0.861168 0.000170715
           4    -0.860416     -0.86098 0.000207076
           5    -0.864017    -0.861587 0.000567985
           6    -0.863244    -0.861863 0.000536248
           7    -0.861355    -0.861791 0.000464522
           8    -0.861634    -0.861771  0.00040687
           9    -0.858653    -0.861425 0.000487324
          10    -0.862291    -0.861511 0.000446224
          11    -0.861178    -0.861481 0.000406689
          12     -0.86122    -0.861459 0.000373379
          13    -0.860584    -0.861392 0.000350671
          14    -0.860998    -0.861364 0.000326752
          15    -0.861175    -0.861351 0.000305211
          16    -0.859386    -0.861228 0.000309871
          17    -0.859888     -0.86115 0.000301512
          18    -0.863829    -0.861298 0.000319391
          19     -0.86507    -0.861497 0.000359017
          20    -0.862332    -0.861539 0.000343483
