           1     0.288178     0.288178           0
           2     0.290631     0.289405 0.000867337
           3     0.299148     0.292652  0.00271402
           4      0.27216     0.287529  0.00488128
           5     0.316443     0.293312  0.00648087
           6     0.322952     0.298252  0.00703595
           7     0.288734     0.296892  0.00616079
           8     0.306464     0.298089  0.00550565
           9      0.29234      0.29745  0.00493082
          10     0.295509     0.297256  0.00444156
          11      0.28992     0.296589  0.00408754
          12     0.295444     0.296494  0.00374803
          13     0.274096     0.294771  0.00383534
          14     0.279524     0.293682  0.00371279
          15     0.296192     0.293849  0.00346904
          16     0.273209     0.292559  0.00348383
          17     0.245506     0.289791  0.00423809
          18     0.320669     0.291507  0.00433594
          19     0.322997     0.293164  0.00441314
          20     0.299576     0.293485  0.00420411
