           1     0.497375     0.497375           0
           2     0.502834     0.500105  0.00193014
           3     0.492585     0.497598  0.00241762
           4     0.482555     0.493837  0.00372767
           5     0.503715     0.495813  0.00346627
           6      0.49655     0.495936  0.00289074
           7     0.504431     0.497149  0.00272061
           8     0.491432     0.496435   0.0024726
           9     0.502025     0.497056  0.00227455
          10     0.494303      0.49678  0.00206368
          11     0.508113     0.497811  0.00211766
          12     0.485033     0.496746  0.00219262
          13     0.509877     0.497756  0.00224459
          14     0.494761     0.497542  0.00209443
          15     0.504553     0.498009  0.00200628
          16     0.499937      0.49813   0.0018845
          17     0.486768     0.497461  0.00188846
          18     0.502122      0.49772   0.0018012
          19     0.514179     0.498587  0.00190333
          20     0.501533     0.498734  0.00181386
