           1      14.8055      14.8055           0
           2       15.386      15.0958     0.20524
           3      14.5284      14.9066    0.206328
           4      15.5755      15.0739    0.211938
           5      15.1314      15.0854    0.169862
           6      14.9556      15.0637    0.142922
           7      14.8238      15.0295    0.126548
           8      14.6904      14.9871    0.117612
           9      14.8906      14.9764    0.105031
          10      15.8871      15.0674    0.128064
          11       14.775      15.0409     0.11915
          12      15.2383      15.0573    0.110351
          13      15.5963      15.0988    0.109374
          14      15.1143      15.0999    0.101567
          15      15.0071      15.0937   0.0949844
          16      15.3882      15.1121   0.0908136
          17      15.4883      15.1342   0.0881268
          18      15.4073      15.1494   0.0845262
          19      15.6048      15.1734   0.0834065
          20      14.9749      15.1634   0.0798242
