           1   -0.0213776   -0.0213776           0
           2     0.003688   -0.0088448  0.00886203
           3      6.8e-05  -0.00587387  0.00638663
           4   -0.0353368   -0.0132396  0.00797711
           5    0.0124464   -0.0081024  0.00786375
           6    0.0072572  -0.00554247  0.00695734
           7    0.0031292  -0.00430366  0.00607272
           8    0.0176888   -0.0015546  0.00590316
           9    0.0155488  0.000345778  0.00554471
          10   -0.0007112   0.00024008  0.00499125
          11    0.0005708  0.000270145  0.00453759
          12   -0.0313304  -0.00236323  0.00486394
          13     -0.02199  -0.00387298  0.00471828
          14   -0.0023676  -0.00376546  0.00438249
          15      0.01998  -0.00218243  0.00436688
          16   -0.0145012  -0.00295235  0.00416127
          17   -0.0651616  -0.00661172  0.00528604
          18    0.0289248  -0.00463747  0.00534835
          19    0.0457684  -0.00198453  0.00568689
          20    0.0044684  -0.00166188  0.00541169
