           1     0.441294     0.441294           0
           2     0.435774     0.438534  0.00195177
           3     0.436405     0.437824  0.00142443
           4      0.43626     0.437433  0.00112073
           5     0.434545     0.436856  0.00103484
           6     0.430112     0.435732  0.00134029
           7     0.437534     0.435989  0.00117329
           8     0.430179     0.435263  0.00123108
           9     0.435192     0.435255  0.00109431
          10      0.43524     0.435253 0.000984884
          11     0.445995      0.43623  0.00129171
          12     0.434759     0.436107  0.00118987
          13     0.454119     0.437493  0.00172581
          14     0.437957     0.437526  0.00160285
          15      0.43534      0.43738  0.00150261
          16     0.445924     0.437914  0.00150058
          17      0.44167     0.438135  0.00142848
          18     0.437679      0.43811  0.00134934
          19     0.453494      0.43892  0.00150175
          20     0.433631     0.438655  0.00144975
