           1    0.0607432    0.0607432           0
           2    0.0609108     0.060827 5.92555e-05
           3      0.06158     0.061078 0.000208713
           4    0.0609128    0.0610367 0.000160569
           5    0.0552468    0.0598787  0.00104366
           6    0.0555492    0.0591571  0.00109102
           7    0.0572724    0.0588879 0.000967811
           8    0.0597936    0.0590011 0.000853431
           9    0.0613224     0.059259 0.000796627
          10    0.0629184     0.059625 0.000796591
          11    0.0563864    0.0593305 0.000776677
          12    0.0529552    0.0587993 0.000874994
          13    0.0588576    0.0588038 0.000807698
          14    0.0527404    0.0583707 0.000858302
          15    0.0559736    0.0582109 0.000815823
          16    0.0621752    0.0584586 0.000801577
          17    0.0533684    0.0581592 0.000808417
          18    0.0563972    0.0580613 0.000769409
          19    0.0620824    0.0582729 0.000757461
          20      0.05603    0.0581608 0.000727843
