           1      3.04441      3.04441           0
           2      3.10336      3.07389   0.0208437
           3      3.05015      3.06597   0.0153245
           4      3.06121      3.06478   0.0115395
           5      3.05479      3.06278  0.00940325
           6      3.06414      3.06301  0.00783877
           7      3.06094      3.06271  0.00672454
           8      3.09938       3.0673  0.00728046
           9      3.10872       3.0719  0.00779189
          10      3.11334      3.07604  0.00803957
          11      3.08317      3.07669  0.00733476
          12      3.02682      3.07254  0.00781266
          13      3.14836      3.07837  0.00913296
          14      3.01649      3.07395  0.00949012
          15      3.03487      3.07134  0.00920804
          16      3.10896      3.07369   0.0089277
          17      3.09194      3.07477  0.00846683
          18      3.06379      3.07416  0.00801839
          19      3.06615      3.07374  0.00760745
          20      3.05997      3.07305  0.00725816
