           1    -0.615696    -0.615696           0
           2    -0.614865    -0.615281  0.00029382
           3    -0.615386    -0.615316 0.000197956
           4    -0.615049    -0.615249 0.000159348
           5    -0.615717    -0.615343 0.000152491
           6    -0.615279    -0.615332 0.000127445
           7    -0.614509    -0.615214 0.000154252
           8    -0.615883    -0.615298 0.000155978
           9    -0.615168    -0.615284 0.000139314
          10    -0.615987    -0.615354 0.000142043
          11     -0.61574    -0.615389  0.00013339
          12    -0.615946    -0.615435 0.000130085
          13    -0.615844    -0.615467  0.00012381
          14    -0.614509    -0.615398  0.00013252
          15    -0.614103    -0.615312 0.000149176
          16    -0.615823    -0.615344 0.000143226
          17    -0.615475    -0.615352 0.000135007
          18    -0.614982    -0.615331 0.000129063
          19    -0.614993    -0.615313 0.000123492
          20    -0.615946    -0.615345 0.000121304
