           1    -0.614522    -0.614522           0
           2    -0.613491    -0.614007 0.000364584
           3    -0.613286    -0.613767  0.00031228
           4    -0.613212    -0.613628 0.000263203
           5    -0.613782    -0.613659 0.000212366
           6    -0.613638    -0.613655 0.000176999
           7    -0.612455    -0.613484 0.000219585
           8    -0.614084    -0.613559 0.000204545
           9    -0.613227    -0.613522  0.00018511
          10    -0.613983    -0.613568 0.000172245
          11    -0.614199    -0.613626 0.000165863
          12     -0.61465    -0.613711 0.000172602
          13    -0.613771    -0.613716 0.000159387
          14    -0.612839    -0.613653 0.000159823
          15    -0.612526    -0.613578 0.000165879
          16    -0.613743    -0.613588 0.000155833
          17    -0.613558    -0.613586 0.000146676
          18    -0.612953    -0.613551 0.000142689
          19     -0.61285    -0.613514 0.000139866
          20    -0.614055    -0.613541 0.000135461
