           1     0.314716     0.314716           0
           2     0.318207     0.316462  0.00123433
           3      0.31694     0.316621 0.000833114
           4     0.316424     0.316572 0.000626297
           5       0.3181     0.316877 0.000570719
           6     0.317861     0.317041 0.000498573
           7     0.317987     0.317176 0.000445279
           8     0.317772     0.317251 0.000395805
           9     0.319733     0.317527 0.000437463
          10     0.316424     0.317416  0.00040737
          11     0.319038     0.317564 0.000396111
          12     0.317924     0.317594 0.000364239
          13     0.316471     0.317508 0.000346302
          14      0.31978      0.31767 0.000357592
          15     0.317911     0.317686 0.000334113
          16     0.318592     0.317743 0.000317998
          17     0.319252     0.317831 0.000311436
          18     0.315581     0.317706 0.000318234
          19     0.319773     0.317815 0.000319529
          20     0.316546     0.317752 0.000309791
