           1     0.320253     0.320253           0
           2     0.322345     0.321299 0.000739828
           3      0.32138     0.321326 0.000493707
           4     0.321896     0.321469 0.000390329
           5     0.319943     0.321164 0.000414674
           6     0.320739     0.321093 0.000351551
           7     0.323346     0.321415 0.000423774
           8     0.322375     0.321535 0.000387435
           9     0.322731     0.321668 0.000366493
          10     0.320649     0.321566 0.000343712
          11     0.321536     0.321563 0.000312476
          12     0.320643     0.321486   0.0002957
          13     0.320904     0.321442 0.000276328
          14     0.322892     0.321545  0.00027532
          15     0.323937     0.321705 0.000299599
          16     0.322978     0.321784 0.000291256
          17     0.323604     0.321891  0.00029314
          18     0.320632     0.321821 0.000285083
          19     0.324022     0.321937 0.000292657
          20     0.320997      0.32189 0.000281775
