           1    -0.000368    -0.000368           0
           2    0.0022028    0.0009174 0.000908915
           3    0.0025744   0.00146973 0.000755347
           4    0.0006936    0.0012757 0.000590906
           5   -0.0036536   0.00028984   0.0010005
           6   -0.0060868 -0.000772933  0.00127921
           7   -0.0030352  -0.00109611  0.00113656
           8   -0.0004004  -0.00100915  0.00099781
           9    0.0025668 -0.000611822 0.000962806
          10    0.0020716  -0.00034348 0.000903146
          11   -0.0038792 -0.000664909 0.000876375
          12   -0.0063836  -0.00114147 0.000923874
          13   -0.0008788  -0.00112126 0.000853028
          14   -0.0049792  -0.00139683 0.000835423
          15   -0.0033552  -0.00152739 0.000789864
          16    0.0026484   -0.0012664 0.000782428
          17   -0.0063976  -0.00156824 0.000792486
          18   -0.0023736  -0.00161298 0.000749721
          19    0.0030332  -0.00136844 0.000749081
          20   -0.0006016   -0.0013301 0.000712608
