           1      2.95877      2.95877           0
           2      3.00762       2.9832   0.0172714
           3      2.95233      2.97291    0.014253
           4      2.93044      2.96229   0.0141004
           5      2.95529      2.96089   0.0113495
           6      2.97159      2.96268  0.00959707
           7      2.96507      2.96302  0.00823215
           8      2.99963      2.96759  0.00837957
           9      3.00528      2.97178  0.00843023
          10      3.00153      2.97476  0.00809514
          11      2.97443      2.97473  0.00735927
          12       2.9619      2.97366  0.00682319
          13      3.02245      2.97741  0.00725752
          14      2.95717      2.97597  0.00688162
          15      2.95698       2.9747  0.00653821
          16      3.02477      2.97783  0.00683744
          17      3.00191      2.97925  0.00658028
          18      2.95772      2.97805  0.00632248
          19      2.93284      2.97567  0.00642191
          20       2.9907      2.97642  0.00614464
