0.110125 0.282654
0.264388 0.685163
0.400945 0.677827
0.254893 0.366473
0.350056 0.355882
0.098784 0.294672
0.0290008 0.416488
0.537561 0.0121207
0.67394 0.941013
0.0134234 0.767264
0.858757 0.291916
0.527356 0.588968
0.818435 0.303805
0.996932 0.541657
0.942409 0.297791
0.423992 0.798667
0.0386406 0.958843
0.419664 0.876678
0.0751711 0.950417
0.981499 0.318689
0.570978 0.906667
0.974446 0.173666
0.372253 0.813968
0.289681 0.39346
0.360223 0.412813
0.0553082 0.566314
0.745144 0.22972
0.118731 0.764435
0.467005 0.266703
0.0369231 0.452673
