           1     -0.72317     -0.72317           0
           2    -0.719945    -0.721557  0.00114014
           3    -0.720942    -0.721352 0.000778339
           4    -0.721504     -0.72139 0.000584681
           5    -0.721485    -0.721409 0.000468052
           6    -0.721549    -0.721432 0.000390624
           7    -0.720913    -0.721358 0.000341797
           8    -0.720737     -0.72128 0.000307768
           9    -0.720358    -0.721178 0.000290148
          10    -0.721444    -0.721204 0.000262351
          11    -0.720903    -0.721177 0.000239927
          12    -0.720598    -0.721129  0.00022474
          13    -0.720113    -0.721051 0.000220623
          14    -0.720458    -0.721008 0.000208881
          15    -0.720214    -0.720955  0.00020155
          16    -0.721497    -0.720989 0.000191772
          17     -0.72127    -0.721006 0.000181199
          18    -0.720762    -0.720992 0.000171636
          19    -0.721702     -0.72103 0.000166623
          20    -0.720553    -0.721006 0.000159988
