           1     0.397474     0.397474           0
           2     0.397741     0.397608 9.43683e-05
           3      0.39121     0.395475  0.00174252
           4     0.396426     0.395713  0.00132301
           5     0.394313     0.395433  0.00108764
           6     0.396368     0.395589 0.000917455
           7     0.392703     0.395177  0.00087409
           8     0.397116     0.395419 0.000797744
           9     0.396668     0.395558 0.000721072
          10     0.395915     0.395593  0.00064985
          11     0.395841     0.395616 0.000591161
          12     0.398282     0.395838 0.000582155
          13     0.396688     0.395904 0.000541035
          14     0.397225     0.395998 0.000510558
          15     0.395989     0.395997 0.000476521
          16     0.398088     0.396128 0.000464307
          17     0.397426     0.396204 0.000443231
          18     0.399616     0.396394 0.000457347
          19     0.399907     0.396579  0.00046916
          20     0.395544     0.396527 0.000448544
