           1    0.0054568    0.0054568           0
           2    0.0014032      0.00343  0.00143316
           3    0.0026892   0.00318307 0.000976484
           4   -0.0143992   -0.0012125  0.00387648
           5    0.0042428  -0.00012144   0.0032511
           6   -0.0069956  -0.00126713  0.00290412
           7    -0.007656  -0.00217983  0.00262875
           8    -0.000378   -0.0019546  0.00230979
           9     0.005716  -0.00110231  0.00220479
          10   -0.0002256  -0.00101464  0.00198605
          11     -0.00384  -0.00127149  0.00182203
          12   -0.0135248   -0.0022926  0.00193529
          13     -0.00805  -0.00273548  0.00183639
          14    0.0051508  -0.00217217  0.00178954
          15    0.0006792  -0.00198208   0.0016803
          16    0.0087736  -0.00130985  0.00170445
          17    -0.010832  -0.00186998  0.00169373
          18    0.0081988   -0.0013106  0.00168948
          19    0.0099208 -0.000719474  0.00170083
          20    0.0002956  -0.00066872  0.00161655
