           1      0.11024      0.11024           0
           2     0.115732     0.112986  0.00194172
           3     0.113192     0.113054   0.0012957
           4     0.102025     0.110297  0.00257814
           5     0.113542     0.110946  0.00214266
           6     0.108761     0.110582  0.00181624
           7     0.104286     0.109683  0.00176546
           8     0.109856     0.109704  0.00154491
           9     0.116936     0.110508  0.00156836
          10      0.10596     0.110053    0.001476
          11       0.1078     0.109848  0.00135595
          12     0.096496     0.108735  0.00163701
          13     0.101877     0.108208  0.00159384
          14     0.113899     0.108614  0.00153096
          15     0.115943     0.109103  0.00150483
          16     0.115096     0.109478  0.00145666
          17     0.097032     0.108745  0.00154402
          18     0.112587     0.108959  0.00147292
          19     0.122365     0.109664  0.00155525
          20     0.108494     0.109606  0.00147859
