           1     0.409653     0.409653           0
           2     0.409484     0.409569 5.96129e-05
           3     0.407054      0.40873 0.000685507
           4     0.407479     0.408418 0.000581112
           5     0.404761     0.407686 0.000802557
           6     0.406811      0.40754 0.000681936
           7      0.40772     0.407566 0.000585001
           8     0.408013     0.407622 0.000514542
           9     0.409613     0.407843 0.000502695
          10     0.411152     0.408174 0.000550667
          11     0.410073     0.408347 0.000526979
          12     0.405722     0.408128 0.000526503
          13      0.40905     0.408199 0.000490755
          14     0.405382     0.407998 0.000495239
          15     0.414734     0.408447 0.000633957
          16     0.414276     0.408811  0.00069113
          17     0.406129     0.408653 0.000668234
          18     0.410322     0.408746 0.000637512
          19     0.412703     0.408954 0.000637071
          20     0.405157     0.408764 0.000632883
