           1      6.13567      6.13567           0
           2       5.9572      6.04644   0.0630991
           3      6.00847      6.03378   0.0433167
           4      5.99638      6.02443   0.0334815
           5      6.01919      6.02338   0.0268016
           6       6.0279      6.02413   0.0223453
           7      6.00497       6.0214   0.0193201
           8      6.01106       6.0201   0.0169482
           9      6.16991      6.03675   0.0217541
          10      6.00489      6.03356   0.0198107
          11      6.10576      6.04013   0.0190661
          12       5.8859      6.02728   0.0213745
          13      5.95293      6.02156   0.0204811
          14      6.01438      6.02104   0.0190246
          15      6.19456      6.03261   0.0209805
          16      6.17693      6.04163   0.0215208
          17      5.98919      6.03855   0.0204748
          18      5.99778      6.03628   0.0194622
          19      6.00317      6.03454   0.0185157
          20      6.06901      6.03626     0.01767
