           1     -0.72683     -0.72683           0
           2    -0.724243    -0.725537 0.000914911
           3    -0.725213    -0.725429 0.000616277
           4    -0.725152     -0.72536 0.000466056
           5    -0.725749    -0.725437 0.000379306
           6    -0.725318    -0.725418 0.000316607
           7    -0.724114    -0.725231 0.000321538
           8    -0.724919    -0.725192 0.000283711
           9    -0.724912    -0.725161 0.000253887
          10    -0.725086    -0.725154 0.000228608
          11    -0.724926    -0.725133 0.000208764
          12    -0.725086    -0.725129 0.000191404
          13    -0.723378    -0.724994 0.000219025
          14    -0.724854    -0.724984  0.00020361
          15    -0.724832    -0.724974 0.000190287
          16    -0.725641    -0.725016 0.000182903
          17    -0.725289    -0.725032 0.000172847
          18    -0.725059    -0.725033 0.000163251
          19    -0.726457    -0.725108 0.000170988
          20    -0.724503    -0.725078 0.000165099
