           1       5.7215       5.7215           0
           2      5.46437      5.59294   0.0909092
           3      5.46499      5.55029   0.0698985
           4      5.64945      5.57508   0.0566498
           5      5.48684      5.55743   0.0479897
           6       5.5948      5.56366   0.0403936
           7      5.66234      5.57776   0.0370015
           8       5.5971      5.58018   0.0324552
           9      5.76199      5.60038   0.0345694
          10      5.62323      5.60266    0.031188
          11      5.57354      5.60002   0.0284649
          12       5.4487      5.58741   0.0287503
          13      5.54412      5.58408   0.0267308
          14       5.6071      5.58572    0.024872
          15      5.67775      5.59186   0.0239586
          16      5.69893      5.59855   0.0233772
          17      5.57824      5.59735   0.0220325
          18      5.57319      5.59601   0.0208494
          19      5.47254      5.58951   0.0207401
          20      5.67519       5.5938   0.0201406
