           1    -0.462805    -0.462805           0
           2    -0.462584    -0.462694  7.8305e-05
           3    -0.463089    -0.462826  0.00011953
           4    -0.463002     -0.46287 9.74078e-05
           5     -0.46273    -0.462842 8.18813e-05
           6    -0.462836    -0.462841  6.8241e-05
           7    -0.463125    -0.462881 6.94862e-05
           8    -0.463118    -0.462911 6.67932e-05
           9     -0.46288    -0.462908 5.94619e-05
          10    -0.463454    -0.462962 7.45156e-05
          11    -0.462873    -0.462954 6.81778e-05
          12    -0.462741    -0.462936 6.47715e-05
          13    -0.463679    -0.462994 8.11807e-05
          14    -0.462862    -0.462984 7.59266e-05
          15    -0.462236    -0.462934 8.57001e-05
          16    -0.463165    -0.462949 8.15512e-05
          17    -0.462848    -0.462943 7.69672e-05
          18    -0.462926    -0.462942 7.26968e-05
          19    -0.462385    -0.462912 7.45536e-05
          20    -0.464528    -0.462993   0.0001059
