           1      1.35505      1.35505           0
           2      1.36626      1.36066  0.00396248
           3      1.36105      1.36079   0.0026438
           4      1.37478      1.36429  0.00362079
           5      1.37217      1.36586  0.00322179
           6      1.39582      1.37085  0.00528969
           7      1.37777      1.37184   0.0046253
           8      1.39845      1.37517  0.00510498
           9      1.38542      1.37631  0.00466317
          10      1.40338      1.37902  0.00492024
          11      1.38293      1.37937  0.00448579
          12      1.35661      1.37747  0.00449506
          13      1.39532      1.37885  0.00435394
          14      1.37588      1.37864   0.0040481
          15       1.3833      1.37895  0.00379014
          16      1.38864      1.37955  0.00360139
          17      1.37441      1.37925  0.00340223
          18      1.36402       1.3784  0.00331674
          19      1.36939      1.37793  0.00317593
          20      1.38651      1.37836  0.00304598
