           1    0.0277768    0.0277768           0
           2    0.0285028    0.0281398  0.00025668
           3     0.026034    0.0274379 0.000598127
           4    0.0278232    0.0275342 0.000456287
           5    0.0247172    0.0269708  0.00062224
           6    0.0265072    0.0268935 0.000523308
           7    0.0247872    0.0265926 0.000528021
           8    0.0278172    0.0267457 0.000483697
           9    0.0286288    0.0269549 0.000473047
          10    0.0287456     0.027134 0.000458383
          11    0.0244272    0.0268879 0.000478222
          12    0.0258024    0.0267975 0.000446844
          13    0.0262492    0.0267553 0.000414457
          14    0.0227212    0.0264671 0.000474564
          15      0.02715    0.0265127 0.000445104
          16    0.0278616     0.026597 0.000425195
          17    0.0212172    0.0262805 0.000504382
          18    0.0273856    0.0263419 0.000480083
          19    0.0288256    0.0264726 0.000472277
          20    0.0268396     0.026491 0.000449019
