           1     0.198446     0.198446           0
           2     0.198867     0.198657 0.000148734
           3     0.196206      0.19784 0.000674425
           4     0.198992     0.198128 0.000563971
           5     0.197171     0.197936 0.000482558
           6     0.196371     0.197675 0.000467369
           7     0.196594     0.197521 0.000425382
           8     0.197155     0.197475 0.000374654
           9      0.19796     0.197529 0.000336879
          10     0.197631     0.197539 0.000303345
          11     0.197978     0.197579 0.000278374
          12     0.196448     0.197485 0.000270668
          13     0.197598     0.197494 0.000249987
          14     0.197465     0.197492 0.000232139
          15     0.197642     0.197502  0.00021688
          16     0.195853     0.197399  0.00022648
          17     0.195321     0.197276 0.000243924
          18     0.197177     0.197271 0.000230434
          19     0.198034     0.197311 0.000221781
          20     0.197622     0.197327 0.000211237
