           1     0.197249     0.197249           0
           2     0.198465     0.197857 0.000429768
           3      0.19591     0.197208 0.000602366
           4      0.19772     0.197336 0.000465166
           5     0.196578     0.197184 0.000396092
           6     0.195775     0.196949 0.000393662
           7      0.19504     0.196677 0.000421466
           8     0.195733     0.196559 0.000384945
           9     0.196859     0.196592 0.000343613
          10     0.196382     0.196571 0.000309895
          11     0.196661     0.196579 0.000281832
          12     0.195055     0.196452 0.000285548
          13     0.196993     0.196494 0.000266595
          14     0.196405     0.196487 0.000247628
          15      0.19603     0.196457  0.00023299
          16     0.194778     0.196352 0.000240892
          17     0.194706     0.196255 0.000245406
          18     0.195895     0.196235 0.000232588
          19      0.19748     0.196301 0.000229386
          20     0.196886      0.19633 0.000219774
