           1    -0.000386    -0.000386           0
           2    0.0018196    0.0007168 0.000779797
           3   -0.0010724    0.0001204 0.000712312
           4     0.000282    0.0001608 0.000535378
           5   -0.0022264  -0.00031664 0.000604816
           6   -0.0004552 -0.000339733 0.000504454
           7   -0.0026348   -0.0006676 0.000528299
           8    -8.52e-05   -0.0005948 0.000467251
           9    0.0020788 -0.000297733 0.000500945
          10    0.0020232   -6.564e-05 0.000501744
          11   -0.0024624 -0.000283527 0.000501213
          12   -0.0011692 -0.000357333 0.000464847
          13   -0.0005944 -0.000375569 0.000429447
          14   -0.0035908 -0.000605229 0.000456065
          15      0.00018  -0.00055288 0.000428655
          16     0.000812 -0.000467575 0.000410264
          17   -0.0054624 -0.000761388 0.000479943
          18     0.000558 -0.000688089 0.000458843
          19    0.0012104 -0.000588168  0.00044544
          20     0.000638  -0.00052686 0.000427366
