           1    -0.461785    -0.461785           0
           2    -0.461847    -0.461816 2.20617e-05
           3     -0.46232    -0.461984 0.000137958
           4     -0.46219    -0.462036 0.000112706
           5    -0.462151    -0.462059 9.25056e-05
           6    -0.461722    -0.462003  9.2525e-05
           7    -0.462226    -0.462035 8.46478e-05
           8    -0.462298    -0.462068 8.02317e-05
           9    -0.462096    -0.462071 7.13791e-05
          10    -0.462146    -0.462078 6.46324e-05
          11    -0.462077    -0.462078 5.87568e-05
          12    -0.461835    -0.462058 5.72412e-05
          13    -0.462792    -0.462114 7.57338e-05
          14    -0.462346    -0.462131 7.21154e-05
          15    -0.461641    -0.462098 7.43422e-05
          16     -0.46242    -0.462118 7.23646e-05
          17    -0.462314     -0.46213 6.90207e-05
          18    -0.462206    -0.462134 6.53143e-05
          19    -0.461614    -0.462107 6.73771e-05
          20    -0.463682    -0.462185 9.99391e-05
