           1      1.34062      1.34062           0
           2      1.34895      1.34479  0.00294694
           3      1.35086      1.34681  0.00256705
           4      1.35741      1.34946  0.00299493
           5      1.36218        1.352  0.00330398
           6      1.37962      1.35661  0.00502389
           7      1.36224      1.35741  0.00437027
           8      1.37979      1.36021  0.00463351
           9      1.36801      1.36107  0.00419896
          10      1.37729       1.3627  0.00408016
          11      1.36833      1.36321  0.00374119
          12       1.3409      1.36135  0.00386388
          13      1.38164      1.36291  0.00386916
          14      1.36357      1.36296  0.00359307
          15      1.36878      1.36334  0.00337441
          16      1.36689      1.36357  0.00317078
          17      1.36716      1.36378  0.00299131
          18      1.34934      1.36298  0.00293064
          19      1.35433      1.36252  0.00281147
          20      1.36755      1.36277  0.00268211
