0.37982   0.206424   -0.380181
-0.455289   -0.250617   -0.0304077
0.227426   0.0193138   0.077987
0.0978846   0.0295627   -0.09978
-0.483618   0.426905   -0.425195
-0.36442   -0.397255   -0.1963
0.376446   0.323474   0.439556
-0.250591   0.260614   -0.427898
0.348332   0.121003   -0.177775
0.442072   -0.159517   -0.238432
0.210638   0.487652   -0.0931164
0.316977   0.0181212   -0.359916
-0.279545   -0.355011   0.133164
0.296712   0.32698   -0.021557
-0.43533   -0.190463   0.226847
0.128937   -0.060297   -0.360536
0.00503403   -0.371018   -0.112141
-0.117663   -0.0445248   -0.481217
0.111441   -0.0479494   0.443609
-0.108571   -0.445834   0.275232
-0.43217   -0.266165   -0.363175
-0.255228   -0.0826888   0.171427
0.170851   -0.257619   -0.204851
0.23905   -0.436185   -0.277293
-0.382987   0.202546   0.0963485
0.078475   -0.428546   0.341005
-0.100697   0.103313   -0.1849
0.270937   0.487939   0.341993
-0.49544   0.374784   0.309583
0.0220851   0.110038   0.193737
0.434116   -0.38641   -0.254479
-0.188408   0.201578   0.256772
-0.131796   0.371074   0.435811
-0.218731   0.341332   0.0144931
-0.271073   -0.0584816   -0.0420516
-0.0317459   0.378552   0.215783
-0.489891   0.016299   -0.294562
0.391822   0.353862   -0.214769
-0.287514   0.110363   -0.131025
-0.294837   -0.483833   0.449764
-0.262162   0.394805   0.218196
-0.229563   -0.230765   -0.419796
-0.213699   0.268872   -0.192173
-0.442428   0.410391   0.122505
0.156615   0.446714   0.176801
0.200511   0.370385   -0.279228
0.0502403   0.395157   -0.000709933
-0.126466   -0.110674   -0.244679
-0.395508   -0.0865976   -0.437242
0.121702   -0.305283   -0.473289
0.27079   0.117316   0.257268
-0.469164   -0.042269   0.081211
0.420249   -0.315196   0.405223
0.4683   0.495588   -0.0482868
-0.176966   -0.259031   -0.0501552
0.0757835   0.239832   -0.126378
-0.0504159   0.14707   -0.369219
0.0177551   -0.176571   -0.114826
0.297834   -0.279421   -0.373265
-0.0995009   -0.405133   -0.491839
-0.119281   0.443515   -0.144471
0.357723   0.372444   0.16588
-0.305727   -0.146001   -0.255101
0.177065   0.21801   0.112257
0.397989   -0.0381032   0.251357
0.0167004   -0.456116   -0.282358
-0.0431006   0.166544   0.421403
0.151387   0.124714   -0.286154
-0.422367   0.303784   -0.0761159
-0.0413366   -0.0699495   0.291769
-0.481926   -0.392483   0.107614
0.0464229   -0.265998   0.187015
-0.322998   0.451221   -0.303741
-0.176582   -0.377665   -0.277333
0.1593   -0.396065   0.0444494
-0.0973638   0.377872   -0.340476
-0.429373   0.158658   -0.469534
0.167644   0.26964   -0.472307
-0.049474   -0.244959   0.424221
-0.134453   0.141001   0.0111441
0.473877   0.17606   0.278989
-0.0106748   -0.198969   -0.371871
0.323804   -0.321534   -0.0472679
-0.416916   -0.438923   0.273216
-0.441316   0.215014   -0.265157
0.156692   -0.166909   0.00368587
0.364836   -0.453699   -0.461505
-0.239101   -0.298881   0.386262
-0.264704   0.0950552   0.451847
-0.456877   -0.0260301   -0.109324
0.275584   -0.146244   0.446322
0.468776   -0.118373   0.418659
0.436612   0.150484   0.0194334
-0.109096   -0.438074   0.0714453
-0.341333   0.27355   0.361122
0.328634   -0.416273   0.17038
-0.266721   0.0444739   -0.343668
0.164625   -0.0822951   0.242306
0.22513   -0.293176   0.331611
0.141282   0.261209   0.324906
0.360238   0.099929   0.440062
0.340732   -0.0666771   -0.0649459
-0.275869   -0.118323   0.383458
-0.0839272   -0.0534152   0.0812705
-0.155068   -0.241441   0.228966
0.0847958   0.452878   -0.461201
-0.37282   0.0413813   0.276446
0.351144   -0.19536   0.133368
