-0.999343 0.0362465
0.519974 0.854182
0.967149 -0.25421
0.973231 -0.229828
-0.473714 0.880679
-0.937637 0.347616
-0.0610811 -0.998133
0.141914 -0.989879
0.747415 -0.664358
-0.999553 0.0299118
0.238932 -0.971036
-0.875597 0.483043
-0.951609 0.307311
-0.676486 -0.736456
0.907478 -0.4201
0.21641 -0.976303
-0.385987 0.922504
-0.320634 0.947203
0.901995 -0.431746
0.955444 0.295171
0.499666 -0.866218
0.0234468 -0.999725
-0.461745 -0.887012
-0.410992 -0.911639
0.99923 0.0392429
-0.713312 -0.700846
0.997225 0.0744495
-0.487538 0.873102
-0.997466 0.0711418
0.998729 0.050396

20
2
18
17
28
5
12
13
6
29
1
10
26
14
23
24
7
22
8
11
16
21
9
15
19
3
4
30
27
25
