0.394826 0.370931
0.390715 0.714881
0.516304 0.110646
0.603777 0.155289
0.288086 0.717474
0.138901 0.234109
0.962059 0.879427
0.994215 0.470044
0.305904 0.0676707
0.512194 0.314749
0.54766 0.478386
0.552363 0.137099
0.722114 0.359228
0.40525 0.273119
0.574278 0.842272
0.392239 0.298238
0.210478 0.471585
0.0826086 0.499702
0.090949 0.6443
0.699838 0.194492
0.0435991 0.731965
0.195613 0.120263
0.78017 0.673125
0.221837 0.848276
0.165177 0.193611
0.877277 0.908909
0.195538 0.789513
0.663764 0.119176
0.484141 0.376933
0.0434771 0.151125

25
6
22
9
3
12
4
28
20
10
14
16
1
29
11
13
8
23
7
26
15
2
5
27
24
21
19
18
17
30
