-0.0690581   -0.0500829   -0.369115
-0.0674401   0.0803333   -0.351958
-0.295165   0.499012   -0.106723
-0.23708   -0.120143   -0.0585588
0.391959   0.406904   0.474532
0.328905   0.427892   0.105358
0.243051   0.153056   0.428379
-0.0544309   -0.0512108   -0.250534
-0.214618   -0.168475   -0.464853
0.200712   0.431384   0.0288495
-0.353785   0.432322   -0.198934
0.13416   -0.390129   0.406422
-0.435619   0.401566   0.237591
0.279241   -0.309431   -0.360848
-0.174595   -0.414607   0.449115
0.0789867   0.316805   -0.455633
-0.429712   0.198836   0.405093
-0.478342   -0.313077   0.00320038
0.307438   0.163828   -0.161127
-0.120576   0.116466   0.158141
-0.147425   -0.415813   0.00632479
-0.27874   0.115495   -0.311804
-0.354711   -0.0548893   -0.447605
-0.478589   -0.17545   -0.140517
0.0515685   -0.0864802   -0.196888
0.230956   0.330714   0.430379
-0.338271   -0.36384   0.430106
0.479159   0.197671   0.453514
0.224891   0.352932   -0.406989
0.448356   0.270619   -0.190143
0.0703781   -0.420757   0.345541
0.465465   -0.357371   -0.0378178
-0.158579   -0.377125   0.0937845
0.0679484   0.047148   0.443308
-0.491056   0.333527   -0.219945
0.332173   -0.386316   -0.483152
-0.30579   -0.0549306   0.017731
0.245174   0.148639   0.000863808
0.220554   0.488169   0.332058
-0.11457   -0.291907   0.107168
-0.363254   0.219558   0.0618399
0.178628   0.439731   -0.177805
0.102643   0.302887   -0.106643
-0.0245791   0.352522   -0.215821
0.265354   0.203704   0.492772
-0.290436   0.202452   0.435595
0.0566841   -0.491722   0.289649
0.23635   0.291079   -0.0384585
-0.336935   -0.444973   0.326891
-0.0831476   0.397634   -0.433047
0.167953   -0.242648   0.383774
-0.253187   -0.153956   0.0173728
0.268968   0.196781   -0.0528248
-0.482117   0.281047   0.357281
-0.021205   -0.450921   0.407698
0.417228   0.457041   -0.084717
0.244621   -0.285128   0.399044
-0.0683066   0.0573763   0.324419
0.341278   0.441792   -0.0671694
0.285966   0.380002   -0.162297
0.252927   0.495527   -0.330785
0.236211   -0.440557   -0.443371
0.229504   0.241762   0.425088
0.0133745   -0.225512   0.289304
-0.161597   0.468069   -0.499481
0.321997   -0.294191   -0.271154
0.148276   -0.00497318   -0.189123
0.430575   -0.313394   0.270616
-0.00690253   -0.100413   -0.0510313
-0.361198   -0.43162   0.04418
-0.488297   0.219764   -0.175946
0.231737   0.0804611   -0.259403
-0.437037   0.479124   -0.376901
0.407521   0.318433   -0.273356
0.452057   -0.446849   0.411804
0.476941   0.266467   -0.281369
-0.139438   0.435981   -0.346757
-0.0154783   -0.361953   0.376814
-0.495126   0.45546   -0.458324
-0.460974   0.184681   0.0434401
0.136203   -0.30279   0.236676
0.147637   0.453309   0.413453
-0.249123   0.170542   0.273616
-0.357146   -0.105491   -0.120776
-0.422094   -0.151901   -0.0378818
0.291207   0.408527   0.00261893
0.462999   -0.316257   0.357036
-0.226505   0.242159   -0.443886
-0.264532   -0.346405   -0.39764
0.419396   -0.277135   -0.128502
-0.2156   -0.291396   0.0628538
0.20122   0.158877   -0.273196
-0.415792   -0.482444   -0.0476717
0.298472   -0.0842469   0.097581
0.143016   0.239112   -0.477401
-0.209073   0.21425   -0.289144
-0.137625   0.354567   0.497119
-0.126052   -0.44367   -0.443033
-0.425407   0.200885   -0.490403
0.152433   -0.43911   0.352455
0.262623   -0.252493   0.46893
-0.448726   -0.405398   -0.0152757
-0.131462   0.325909   -0.409188
0.0813632   -0.486826   0.417069
-0.423919   -0.227153   0.0357577
0.385654   -0.300999   0.0770299
0.254218   0.186575   -0.412458
-0.424598   -0.281192   -0.26821
